0.000000 -0.00761415
0.001953 0.00758709
0.003906 -0.00753256
0.005859 0.00742462
0.007812 -0.00728948
0.009766 0.00710301
0.011719 -0.00688992
0.013672 0.00662885
0.015625 -0.00634213
0.017578 0.00601189
0.019531 -0.00565739
0.021484 0.00526480
0.023438 -0.00484987
0.025391 0.00440296
0.027344 -0.00393626
0.029297 0.00344414
0.031250 -0.00293549
0.033203 0.00240818
0.035156 -0.00186833
0.037109 0.00131654
0.039062 -0.00075697
0.041016 0.00019194
0.042969 0.00037538
0.044922 -0.00094213
0.046875 0.00150502
0.048828 -0.00206188
0.050781 0.00260819
0.052734 -0.00314367
0.054688 0.00366157
0.056641 -0.00416453
0.058594 0.00464274
0.060547 -0.00510258
0.062500 0.00553061
0.064453 -0.00593751
0.066406 0.00630591
0.068359 -0.00665099
0.070312 0.00695153
0.072266 -0.00722706
0.074219 0.00745292
0.076172 -0.00765247
0.078125 0.00779834
0.080078 -0.00791696
0.082031 0.00797919
0.083984 -0.00801350
0.085938 0.00799015
0.087891 -0.00793844
0.089844 0.00782932
0.091797 -0.00769165
0.093750 0.00749830
0.095703 -0.00727653
0.097656 0.00700222
0.099609 -0.00669997
0.101562 0.00634960
0.103516 -0.00597227
0.105469 0.00555229
0.107422 -0.00510693
0.109375 0.00462523
0.111328 -0.00412045
0.113281 0.00358620
0.115234 -0.00303201
0.117188 0.00245550
0.119141 -0.00186312
0.121094 0.00125559
0.123047 -0.00063723
0.125000 0.00001065
0.126953 0.00062075
0.128906 -0.00125387
0.130859 0.00188487
0.132812 -0.00251170
0.134766 0.00312869
0.136719 -0.00373633
0.138672 0.00432580
0.140625 -0.00490147
0.142578 0.00545028
0.144531 -0.00598159
0.146484 0.00647730
0.148438 -0.00695247
0.150391 0.00738357
0.152344 -0.00779167
0.154297 0.00814783
0.156250 -0.00847900
0.158203 0.00875132
0.160156 -0.00899699
0.162109 0.00917815
0.164062 -0.00933126
0.166016 0.00941571
0.167969 -0.00947085
0.169922 0.00945492
0.171875 -0.00940853
0.173828 0.00929052
0.175781 -0.00914101
0.177734 0.00892121
0.179688 -0.00866906
0.181641 0.00834976
0.183594 -0.00799759
0.185547 0.00758308
0.187500 -0.00713564
0.189453 0.00663211
0.191406 -0.00609631
0.193359 0.00551177
0.195312 -0.00489654
0.197266 0.00424073
0.199219 -0.00355695
0.201172 0.00284114
0.203125 -0.00210145
0.205078 0.00133832
0.207031 -0.00055691
0.208984 -0.00023966
0.210938 0.00104729
0.212891 -0.00186241
0.214844 0.00267975
0.216797 -0.00349775
0.218750 0.00430760
0.220703 -0.00511226
0.222656 0.00589706
0.224609 -0.00667185
0.226562 0.00741403
0.228516 -0.00814238
0.230469 0.00882474
0.232422 -0.00949028
0.234375 0.01009631
0.236328 -0.01068317
0.238281 0.01119741
0.240234 -0.01169052
0.242188 0.01209885
0.244141 -0.01248421
0.246094 0.01277414
0.248047 -0.01303912
0.250000 0.01320005
0.251953 -0.01333368
0.253906 0.01335709
0.255859 -0.01335032
0.257812 0.01322997
0.259766 -0.01307595
0.261719 0.01280794
0.263672 -0.01250229
0.265625 0.01208519
0.267578 -0.01162616
0.269531 0.01106102
0.271484 -0.01044971
0.273438 0.00974008
0.275391 -0.00898053
0.277344 0.00813243
0.279297 -0.00723174
0.281250 0.00625357
0.283203 -0.00522190
0.285156 0.00412440
0.287109 -0.00297493
0.289062 0.00177106
0.291016 -0.00051993
0.292969 -0.00077522
0.294922 0.00210912
0.296875 -0.00347843
0.298828 0.00487368
0.300781 -0.00629812
0.302734 0.00773097
0.304688 -0.00918970
0.306641 0.01063447
0.308594 -0.01210493
0.310547 0.01353431
0.312500 -0.01499229
0.314453 0.01637769
0.316406 -0.01779741
0.318359 0.01910933
0.320312 -0.02046348
0.322266 0.02167182
0.324219 -0.02293157
0.326172 0.02400589
0.328125 -0.02514083
0.330078 0.02605052
0.332031 -0.02702857
0.333984 0.02774283
0.335938 -0.02853003
0.337891 0.02901771
0.339844 -0.02957783
0.341797 0.02980692
0.343750 -0.03010079
0.345703 0.03003747
0.347656 -0.03002197
0.349609 0.02962909
0.351562 -0.02925541
0.353516 0.02848988
0.355469 -0.02770077
0.357422 0.02650944
0.359375 -0.02523464
0.361328 0.02354749
0.363281 -0.02169600
0.365234 0.01941459
0.367188 -0.01686123
0.369141 0.01383831
0.371094 -0.01039901
0.373047 0.00640014
0.375000 -0.00178393
0.376953 -0.00359018
0.378906 0.00988278
0.380859 -0.01736983
0.382812 0.02628635
0.384766 -0.03740420
0.386719 0.05099761
0.388672 -0.06939651
0.390625 0.09307969
0.392578 -0.13004415
0.394531 0.18373661
0.396484 -0.29566070
0.398438 0.52727921
0.400391 -10.21089070
0.402344 -22.33307457
0.404297 -27.26208380
0.406250 -30.31456774
0.408203 -32.51318266
0.410156 -34.23970902
0.412109 -35.67652819
0.414062 -36.92437046
0.416016 -38.04467050
0.417969 -39.07780297
0.419922 -40.05197399
0.421875 -40.98798311
0.423828 -41.90197675
0.425781 -42.80715407
0.427734 -43.71490129
0.429688 -44.63561055
0.431641 -45.57933529
0.433594 -46.55638548
0.435547 -47.57794927
0.437500 -48.65683482
0.439453 -49.80846024
0.441406 -51.05229861
0.443359 -52.41415207
0.445312 -53.92999414
0.447266 -55.65298245
0.449219 -57.66751100
0.451172 -60.12107784
0.453125 -63.31075994
0.455078 -67.99894895
0.457031 -77.66045463
0.458984 -78.48129697
0.460938 -69.06226438
0.462891 -64.89859288
0.464844 -62.27680295
0.466797 -60.40926619
0.468750 -58.99312705
0.470703 -57.87967661
0.472656 -56.98492281
0.474609 -56.25687822
0.476562 -55.66122390
0.478516 -55.17420625
0.480469 -54.77878844
0.482422 -54.46241802
0.484375 -54.21566102
0.486328 -54.03132968
0.488281 -53.90390627
0.490234 -53.82915236
0.492188 -53.80383868
0.494141 -53.82555659
0.496094 -53.89258664
0.498047 -54.00380896
0.500000 -54.15864566
0.501953 -54.35702957
0.503906 -54.59939601
0.505859 -54.88669701
0.507812 -55.22043906
0.509766 -55.60274818
0.511719 -56.03646877
0.513672 -56.52530705
0.515625 -57.07403595
0.517578 -57.68878853
0.519531 -58.37748328
0.521484 -59.15045376
0.523438 -60.02140716
0.525391 -61.00893718
0.527344 -62.13902093
0.529297 -63.44937898
0.531250 -64.99765803
0.533203 -66.87832335
0.535156 -69.26246767
0.537109 -72.51227432
0.539062 -77.64626499
0.541016 -91.15373032
0.542969 -82.72654998
0.544922 -75.35553870
0.546875 -71.54087980
0.548828 -68.99377631
0.550781 -67.10958875
0.552734 -65.63742266
0.554688 -64.44883181
0.556641 -63.46926393
0.558594 -62.65165610
0.560547 -61.96446265
0.562500 -61.38557684
0.564453 -60.89897624
0.566406 -60.49274842
0.568359 -60.15786877
0.570312 -59.88741262
0.572266 -59.67603079
0.574219 -59.51959178
0.576172 -59.41493342
0.578125 -59.35968930
0.580078 -59.35216795
0.582031 -59.39127129
0.583984 -59.47644357
0.585938 -59.60764574
0.587891 -59.78535282
0.589844 -60.01057406
0.591797 -60.28489765
0.593750 -60.61056461
0.595703 -60.99057933
0.597656 -61.42886921
0.599609 -61.93051286
0.601562 -62.50206810
0.603516 -63.15205033
0.605469 -63.89164654
0.607422 -64.73581376
0.609375 -65.70503510
0.611328 -66.82826502
0.613281 -68.14817788
0.615234 -69.73128219
0.617188 -71.68956488
0.619141 -74.23422675
0.621094 -77.84377238
0.623047 -84.07574457
0.625000 -112.62253457
0.626953 -83.58845917
0.628906 -77.81544899
0.630859 -74.45454260
0.632812 -72.10603971
0.634766 -70.32299973
0.636719 -68.90475847
0.638672 -67.74385952
0.640625 -66.77607307
0.642578 -65.96000299
0.644531 -65.26747307
0.646484 -64.67850608
0.648438 -64.17849229
0.650391 -63.75649483
0.652344 -63.40418627
0.654297 -63.11515585
0.656250 -62.88444434
0.658203 -62.70822477
0.660156 -62.58358013
0.662109 -62.50834793
0.664062 -62.48101272
0.666016 -62.50063465
0.667969 -62.56680677
0.669922 -62.67963671
0.671875 -62.83975111
0.673828 -63.04832322
0.675781 -63.30712626
0.677734 -63.61861796
0.679688 -63.98606509
0.681641 -64.41372253
0.683594 -64.90708924
0.685547 -65.47327763
0.687500 -66.12155592
0.689453 -66.86416476
0.691406 -67.71758813
0.693359 -68.70461399
0.695312 -69.85785289
0.697266 -71.22615303
0.699219 -72.88734029
0.701172 -74.97664092
0.703125 -77.76176383
0.705078 -81.90397785
0.707031 -90.07967129
0.708984 -95.24129258
0.710938 -83.69892724
0.712891 -78.97723316
0.714844 -75.99492889
0.716797 -73.83526612
0.718750 -72.16126427
0.720703 -70.81110843
0.722656 -69.69457555
0.724609 -68.75625601
0.726562 -67.95973956
0.728516 -67.27988386
0.730469 -66.69866660
0.732422 -66.20279742
0.734375 -65.78226526
0.736328 -65.42941476
0.738281 -65.13833834
0.740234 -64.90446474
0.742188 -64.72427509
0.744141 -64.59510465
0.746094 -64.51500438
0.748047 -64.48264615
0.750000 -64.49726111
0.751953 -64.55860514
0.753906 -64.66694802
0.755859 -64.82308515
0.757812 -65.02837304
0.759766 -65.28479210
0.761719 -65.59504292
0.763672 -65.96268659
0.765625 -66.39234575
0.767578 -66.88999253
0.769531 -67.46336603
0.771484 -68.12258984
0.773438 -68.88111109
0.775391 -69.75718003
0.777344 -70.77628659
0.779297 -71.97540287
0.781250 -73.41091549
0.783203 -75.17491824
0.785156 -77.43332971
0.787109 -80.53424364
0.789062 -85.43873822
0.791016 -97.79850788
0.792969 -91.21684234
0.794922 -83.42109308
0.796875 -79.43080165
0.798828 -76.75649979
0.800781 -74.76347005
0.802734 -73.19180382
0.804688 -71.90939693
0.806641 -70.83992026
0.808594 -69.93533531
0.810547 -69.16350986
0.812500 -68.50195842
0.814453 -67.93439923
0.816406 -67.44873326
0.818359 -67.03579578
0.820312 -66.68855286
0.822266 -66.40156726
0.824219 -66.17063436
0.826172 -65.99252966
0.828125 -65.86483230
0.830078 -65.78580221
0.832031 -65.75429699
0.833984 -65.76971969
0.835938 -65.83199215
0.837891 -65.94155154
0.839844 -66.09936963
0.841797 -66.30699668
0.843750 -66.56663425
0.845703 -66.88124449
0.847656 -67.25470813
0.849609 -67.69205033
0.851562 -68.19976526
0.853516 -68.78628932
0.855469 -69.46270685
0.857422 -70.24383499
0.859375 -71.14995582
0.861328 -72.20971726
0.863281 -73.46529284
0.865234 -74.98230017
0.867188 -76.87095417
0.869141 -79.33832210
0.871094 -82.85044137
0.873047 -88.90142362
0.875000 -130.31805632
0.876953 -88.78828519
0.878906 -82.84389522
0.880859 -79.38954326
0.882812 -76.96774292
0.884766 -75.11978347
0.886719 -73.64104153
0.888672 -72.42235098
0.890625 -71.39861994
0.892578 -70.52796815
0.894531 -69.78192474
0.896484 -69.14032139
0.898438 -68.58841780
0.900391 -68.11518381
0.902344 -67.71222274
0.904297 -67.37307052
0.906250 -67.09272558
0.908203 -66.86732629
0.910156 -66.69392645
0.912109 -66.57033826
0.914062 -66.49502378
0.916016 -66.46702259
0.917969 -66.48590842
0.919922 -66.55177022
0.921875 -66.66521607
0.923828 -66.82740022
0.925781 -67.04007580
0.927734 -67.30567859
0.929688 -67.62745061
0.931641 -68.00961779
0.933594 -68.45764404
0.935547 -68.97859776
0.937500 -69.58168969
0.939453 -70.27908247
0.941406 -71.08714930
0.943359 -72.02851312
0.945312 -73.13552419
0.947266 -74.45659066
0.949219 -76.06872532
0.951172 -78.10545738
0.953125 -80.83024897
0.955078 -84.88986167
0.957031 -92.85740470
0.958984 -98.77446533
0.960938 -86.80454461
0.962891 -81.98512078
0.964844 -78.93939755
0.966797 -76.72707825
0.968750 -75.00524872
0.970703 -73.60989745
0.972656 -72.44979836
0.974609 -71.46901737
0.976562 -70.63084234
0.978516 -69.90994401
0.980469 -69.28817744
0.982422 -68.75216793
0.984375 -68.29184387
0.986328 -67.89950496
0.988281 -67.56920899
0.990234 -67.29635729
0.992188 -67.07740854
0.994141 -66.90967910
0.996094 -66.79120355
0.998047 -66.72063907
1.000000 -66.69720325
