0.000000 -0.07639963
0.001953 -0.07281512
0.003906 -0.06240415
0.005859 -0.04615948
0.007812 -0.02562351
0.009766 -0.00273465
0.011719 0.02036144
0.013672 0.04151512
0.015625 0.05877049
0.017578 0.07054022
0.019531 0.07574391
0.021484 0.07390065
0.023438 0.06517019
0.025391 0.05034029
0.027344 0.03076085
0.029297 0.00822856
0.031250 -0.01517068
0.033203 -0.03725046
0.035156 -0.05592800
0.037109 -0.06942480
0.039062 -0.07644287
0.041016 -0.07629655
0.042969 -0.06898370
0.044922 -0.05518741
0.046875 -0.03620784
0.048828 -0.01383259
0.050781 0.00983871
0.052734 0.03259570
0.054688 0.05232357
0.056641 0.06719506
0.058594 0.07583222
0.060547 0.07742637
0.062500 0.07180833
0.064453 0.05946495
0.066406 0.04150051
0.068359 0.01954507
0.070312 -0.00438522
0.072266 -0.02806673
0.074219 -0.04927235
0.076172 -0.06598309
0.078125 -0.07658648
0.080078 -0.08003976
0.082031 -0.07597863
0.083984 -0.06475768
0.085938 -0.04741715
0.087891 -0.02558004
0.089844 -0.00129220
0.091797 0.02317573
0.093750 0.04554294
0.095703 0.06372835
0.097656 0.07603739
0.099609 0.08131112
0.101562 0.07902773
0.103516 0.06935019
0.105469 0.05311682
0.107422 0.03177512
0.109375 0.00726164
0.111328 -0.01816503
0.113281 -0.04212686
0.115234 -0.06234837
0.117188 -0.07687748
0.119141 -0.08428185
0.121094 -0.08379813
0.123047 -0.07541526
0.125000 -0.05988084
0.126953 -0.03862941
0.128906 -0.01364137
0.130859 0.01275004
0.132812 0.03808183
0.134766 0.05999075
0.136719 0.07642798
0.138672 0.08584117
0.140625 0.08731108
0.142578 0.08063411
0.144531 0.06634575
0.146484 0.04568309
0.148438 0.02048722
0.150391 -0.00694967
0.152344 -0.03408390
0.154297 -0.05835219
0.156250 -0.07741618
0.158203 -0.08939539
0.160156 -0.09306239
0.162109 -0.08797615
0.164062 -0.07453597
0.166016 -0.05394809
0.167969 -0.02810899
0.169922 0.00057996
0.171875 0.02944431
0.173828 0.05578872
0.175781 0.07714462
0.177734 0.09149147
0.179688 0.09743522
0.181641 0.09433242
0.183594 0.08235262
0.185547 0.06247522
0.187500 0.03641949
0.189453 0.00650971
0.191406 -0.02451858
0.193359 -0.05375978
0.195312 -0.07840870
0.197266 -0.09603583
0.199219 -0.10483784
0.201172 -0.10383323
0.203125 -0.09297709
0.205078 -0.07317876
0.207031 -0.04621883
0.208984 -0.01457630
0.210938 0.01881229
0.212891 0.05083301
0.214844 0.07848390
0.216797 0.09914627
0.218750 0.11081665
0.220703 0.11228368
0.222656 0.10324027
0.224609 0.08432451
0.226562 0.05708600
0.228516 0.02387654
0.230469 -0.01233264
0.232422 -0.04819944
0.234375 -0.08031061
0.236328 -0.10550854
0.238281 -0.12121316
0.240234 -0.12570147
0.242188 -0.11830777
0.244141 -0.09951565
0.246094 -0.07092719
0.248047 -0.03511252
0.250000 0.00463994
0.251953 0.04464052
0.253906 0.08114512
0.255859 0.11069646
0.257812 0.13043048
0.259766 0.13832703
0.261719 0.13339105
0.263672 0.11575574
0.265625 0.08670199
0.267578 0.04858953
0.269531 0.00469731
0.271484 -0.04102614
0.273438 -0.08429370
0.275391 -0.12087271
0.277344 -0.14700680
0.279297 -0.15982111
0.281250 -0.15765829
0.283203 -0.14029579
0.285156 -0.10900913
0.287109 -0.06646909
0.289062 -0.01648722
0.291016 0.03635392
0.292969 0.08713665
0.294922 0.13105978
0.296875 0.16386298
0.298828 0.18219354
0.300781 0.18389643
0.302734 0.16821750
0.304688 0.13591301
0.306641 0.08925821
0.308594 0.03194547
0.310547 -0.03113871
0.312500 -0.09426489
0.314453 -0.15133560
0.316406 -0.19645973
0.318359 -0.22457604
0.320312 -0.23205072
0.322266 -0.21715981
0.324219 -0.18037385
0.326172 -0.12439053
0.328125 -0.05390699
0.330078 0.02482983
0.332031 0.10462170
0.333984 0.17798135
0.335938 0.23778267
0.337891 0.27784605
0.339844 0.29343239
0.341797 0.28163892
0.343750 0.24170023
0.345703 0.17519505
0.347656 0.08614788
0.349609 -0.01900455
0.351562 -0.13163023
0.353516 -0.24136143
0.355469 -0.33684565
0.357422 -0.40679589
0.359375 -0.44127239
0.361328 -0.43303344
0.363281 -0.37871607
0.365234 -0.27959419
0.367188 -0.14174043
0.369141 0.02443214
0.371094 0.20510993
0.373047 0.38425837
0.375000 0.54478501
0.376953 0.66949287
0.378906 0.74172503
0.380859 0.74568571
0.382812 0.66647545
0.384766 0.48989581
0.386719 0.20207159
0.388672 -0.21108547
0.390625 -0.76458197
0.392578 -1.47527449
0.394531 -2.36315555
0.396484 -3.45324440
0.398438 -4.77857478
0.400391 -6.38530101
0.402344 -8.34223595
0.404297 -10.76072095
0.406250 -13.84256176
0.408203 -18.02419418
0.410156 -24.62155517
0.412109 -47.73408162
0.414062 -28.48183277
0.416016 -23.53987540
0.417969 -21.60877206
0.419922 -21.05874157
0.421875 -21.46650053
0.423828 -22.74547417
0.425781 -25.03299197
0.427734 -28.85570940
0.429688 -36.34946773
0.431641 -46.75904418
0.433594 -33.24764108
0.435547 -29.10315454
0.437500 -27.18086971
0.439453 -26.46260224
0.441406 -26.64663019
0.443359 -27.68228423
0.445312 -29.71509812
0.447266 -33.25712006
0.449219 -40.32125948
0.451172 -52.26061797
0.453125 -37.45419338
0.455078 -33.01004806
0.457031 -30.86056009
0.458984 -29.93552546
0.460938 -29.91634880
0.462891 -30.73798931
0.464844 -32.52062180
0.466797 -35.70298679
0.468750 -41.89173617
0.470703 -64.53422026
0.472656 -41.20105554
0.474609 -36.14117814
0.476562 -33.68631124
0.478516 -32.53591514
0.480469 -32.31529223
0.482422 -32.93051542
0.484375 -34.46814073
0.486328 -37.28658468
0.488281 -42.61455035
0.490234 -62.79287370
0.492188 -44.83341547
0.494141 -38.86923248
0.496094 -36.04601457
0.498047 -34.65232983
0.500000 -34.22778203
0.501953 -34.64098586
0.503906 -35.94292913
0.505859 -38.41884026
0.507812 -43.00354641
0.509766 -55.49613584
0.511719 -48.67743912
0.513672 -41.39273762
0.515625 -38.12936321
0.517578 -36.47123471
0.519531 -35.83760451
0.521484 -36.05148617
0.523438 -37.12778314
0.525391 -39.28813484
0.527344 -43.24774003
0.529297 -52.42728459
0.531250 -53.21218850
0.533203 -43.84378859
0.535156 -40.04648028
0.537109 -38.09739270
0.539062 -37.24688467
0.541016 -37.26246353
0.542969 -38.12217686
0.544922 -39.99266654
0.546875 -43.42487979
0.548828 -50.64371075
0.550781 -59.64166294
0.552734 -46.33391442
0.554688 -41.87083859
0.556641 -39.59670644
0.558594 -38.51855160
0.560547 -38.33504292
0.562500 -38.98560325
0.564453 -40.58859596
0.566406 -43.57024964
0.568359 -49.46598092
0.570312 -76.98805018
0.572266 -48.98500785
0.574219 -43.65853301
0.576172 -41.01470614
0.578125 -39.69459609
0.580078 -39.30925672
0.582031 -39.75624242
0.583984 -41.11041457
0.585938 -43.70124416
0.587891 -48.63189925
0.589844 -64.63065208
0.591797 -51.96905410
0.593750 -45.45898282
0.595703 -42.38574005
0.597656 -40.80499975
0.599609 -40.21292978
0.601562 -40.46001152
0.603516 -41.58056094
0.605469 -43.82707162
0.607422 -48.01504487
0.609375 -58.50776219
0.611328 -55.59727188
0.613281 -47.32283956
0.615234 -43.73816575
0.617188 -41.87256178
0.619141 -41.06643056
0.621094 -41.11535826
0.623047 -42.01436127
0.625000 -43.95293541
0.626953 -47.54597243
0.628906 -55.43787921
0.630859 -60.62931410
0.632812 -49.31045977
0.634766 -45.09774500
0.636719 -42.91574893
0.638672 -41.88540911
0.640625 -41.73598380
0.642578 -42.42274570
0.644531 -44.08197514
0.646484 -47.18306949
0.648438 -53.48082611
0.650391 -70.40839646
0.652344 -51.50483782
0.654297 -46.49033910
0.656250 -43.95053921
0.658203 -42.68248185
0.660156 -42.33248209
0.662109 -42.81382825
0.664062 -44.21622690
0.666016 -46.89979783
0.667969 -52.09500131
0.669922 -72.18110218
0.671875 -54.03730806
0.673828 -47.94463116
0.675781 -44.99175383
0.677734 -43.46833742
0.679688 -42.91337907
0.681641 -43.19387156
0.683594 -44.35712534
0.685547 -46.67842492
0.687500 -51.05292660
0.689453 -62.75287469
0.691406 -57.15127833
0.693359 -49.49562135
0.695312 -46.05416584
0.697266 -44.25251660
0.699219 -43.48582470
0.701172 -43.56790248
0.703125 -44.50577993
0.705078 -46.50667217
0.707031 -50.23835688
0.708984 -58.73370172
0.710938 -61.40980288
0.712891 -51.19007283
0.714844 -47.15359350
0.716797 -45.04401278
0.718750 -44.05607877
0.720703 -43.94012188
0.722656 -44.66313497
0.724609 -46.37580273
0.726562 -49.58440942
0.728516 -56.24643050
0.730469 -68.81271423
0.732422 -53.09636288
0.734375 -48.30818154
0.736328 -45.85178817
0.738281 -44.62987339
0.740234 -44.31419000
0.742188 -44.83006775
0.744141 -46.27947294
0.746094 -49.04939356
0.748047 -54.48882772
0.750000 -81.64684587
0.751953 -55.32489091
0.753906 -49.54014235
0.755859 -46.68527769
0.757812 -45.21270456
0.759766 -44.69343531
0.761719 -45.00745315
0.763672 -46.21301363
0.765625 -48.60577657
0.767578 -53.15584066
0.769531 -66.16136332
0.771484 -58.07758337
0.773438 -50.87841526
0.775391 -47.55494964
0.777344 -45.81008893
0.779297 -45.08101700
0.781250 -45.19621025
0.783203 -46.17296504
0.785156 -48.23456903
0.787109 -52.09905150
0.789062 -61.20753032
0.791016 -61.79854549
0.792969 -52.36313826
0.794922 -48.47300674
0.796875 -46.42781457
0.798828 -45.48006105
0.800781 -45.39734000
0.802734 -46.15676808
0.804688 -47.92222886
0.806641 -51.23535592
0.808594 -58.26166562
0.810547 -67.86346671
0.812500 -54.05389528
0.814453 -49.45434981
0.816406 -47.07221254
0.818359 -45.89378414
0.820312 -45.61195946
0.822266 -46.16255543
0.824219 -47.65884519
0.826172 -50.51373997
0.828125 -56.19680377
0.830078 -94.63454113
0.832031 -56.04660833
0.833984 -50.51800887
0.835938 -47.75048002
0.837891 -46.32561734
0.839844 -45.84133664
0.841797 -46.18900871
0.843750 -47.43701935
0.845703 -49.90078355
0.847656 -54.62635581
0.849609 -69.17915126
0.851562 -58.51319661
0.853516 -51.68941646
0.855469 -48.47109616
0.857422 -46.77934049
0.859375 -46.08692904
0.861328 -46.23526109
0.863281 -47.25114771
0.865234 -49.37350645
0.867188 -53.37123715
0.869141 -63.14278034
0.871094 -61.81533523
0.873047 -53.00426890
0.875000 -49.24439203
0.876953 -47.25923983
0.878906 -46.35042911
0.880859 -46.30083226
0.882812 -47.09694732
0.884766 -48.91550716
0.886719 -52.33391822
0.888672 -59.74284971
0.890625 -66.96547030
0.892578 -54.51559650
0.894531 -50.08337491
0.896484 -47.77030448
0.898438 -46.63381991
0.900391 -46.38558772
0.902344 -46.97113408
0.904297 -48.51473170
0.906250 -51.45551898
0.908203 -57.39139040
0.910156 -80.34384120
0.912109 -56.30796666
0.914062 -51.00498058
0.916016 -48.31848387
0.917969 -46.93944551
0.919922 -46.48971743
0.921875 -46.87120051
0.923828 -48.16211302
0.925781 -50.69784374
0.927734 -55.60454747
0.929688 -72.13896872
0.931641 -58.52977812
0.933594 -52.03207403
0.935547 -48.91103899
0.937500 -47.27010195
0.939453 -46.61373107
0.941406 -46.79526072
0.943359 -47.85070481
0.945312 -50.03476199
0.947266 -54.16967240
0.949219 -64.68815024
0.951172 -61.48120381
0.953125 -53.19683050
0.955078 -49.55703996
0.957031 -47.62915704
0.958984 -46.75846898
0.960938 -46.74194218
0.962891 -47.57511015
0.964844 -49.44764937
0.966797 -52.97432991
0.968750 -60.79782354
0.970703 -65.93726894
0.972656 -54.54684703
0.974609 -50.26809636
0.976562 -48.02071123
0.978516 -46.92512934
0.980469 -46.71031175
0.982422 -47.33109388
0.984375 -48.92279155
0.986328 -51.95185380
0.988281 -58.15683715
0.990234 -75.48919356
0.992188 -56.15717130
0.994141 -51.05947113
0.996094 -48.44981790
0.998047 -47.11531352
1.000000 -46.69982751
