0.000000 -0.01523471
0.001953 -0.00055975
0.003906 0.01516859
0.005859 0.00167637
0.007812 -0.01507657
0.009766 -0.00278580
0.011719 0.01485409
0.013672 0.00388005
0.015625 -0.01460489
0.017578 -0.00495941
0.019531 0.01423049
0.021484 0.00600934
0.023438 -0.01382790
0.025391 -0.00703899
0.027344 0.01330852
0.029297 0.00802349
0.031250 -0.01275913
0.033203 -0.00898442
0.035156 0.01210409
0.037109 0.00988358
0.039062 -0.01141727
0.041016 -0.01075767
0.042969 0.01063806
0.044922 0.01155318
0.046875 -0.00982584
0.048828 -0.01232341
0.050781 0.00893593
0.052734 0.01299884
0.054688 -0.00801287
0.056641 -0.01364963
0.058594 0.00702749
0.060547 0.01419072
0.062500 -0.00601044
0.064453 -0.01470812
0.066406 0.00494638
0.068359 0.01510299
0.070312 -0.00385424
0.072266 -0.01547494
0.074219 0.00272962
0.076172 0.01571430
0.078125 -0.00158301
0.080078 -0.01593090
0.082031 0.00041705
0.083984 0.01600811
0.085938 0.00076202
0.087891 -0.01606183
0.089844 -0.00194924
0.091797 0.01597301
0.093750 0.00313777
0.095703 -0.01585890
0.097656 -0.00432550
0.099609 0.01560290
0.101562 0.00549993
0.103516 -0.01531879
0.105469 -0.00666699
0.107422 0.01489720
0.109375 0.00780359
0.111328 -0.01444382
0.113281 -0.00892864
0.115234 0.01386088
0.117188 0.01000396
0.119141 -0.01324196
0.121094 -0.01106567
0.123047 0.01250446
0.125000 0.01205697
0.126953 -0.01172682
0.128906 -0.01303432
0.130859 0.01084397
0.132812 0.01391991
0.134766 -0.00991748
0.136719 -0.01479246
0.138672 0.00890077
0.140625 0.01555212
0.142578 -0.00783831
0.144531 -0.01630020
0.146484 0.00670136
0.148438 0.01691547
0.150391 -0.00551870
0.152344 -0.01752053
0.154297 0.00427708
0.156250 0.01797499
0.158203 -0.00299268
0.160156 -0.01841985
0.162109 0.00166378
0.164062 0.01869934
0.166016 -0.00029859
0.167969 -0.01896846
0.169922 -0.00109860
0.171875 0.01906123
0.173828 0.00252145
0.175781 -0.01914102
0.177734 -0.00396642
0.179688 0.01903783
0.181641 0.00542197
0.183594 -0.01891692
0.185547 -0.00689288
0.187500 0.01861107
0.189453 0.00835468
0.191406 -0.01828054
0.193359 -0.00982848
0.195312 0.01776788
0.197266 0.01126900
0.199219 -0.01722151
0.201172 -0.01272158
0.203125 0.01650032
0.205078 0.01411262
0.207031 -0.01573481
0.208984 -0.01551889
0.210938 0.01480570
0.212891 0.01683196
0.214844 -0.01382078
0.216797 -0.01816599
0.218750 0.01268652
0.220703 0.01937270
0.222656 -0.01148507
0.224609 -0.02060779
0.226562 0.01015039
0.228516 0.02168017
0.230469 -0.00873847
0.232422 -0.02278898
0.234375 0.00720979
0.236328 0.02369971
0.238281 -0.00559660
0.240234 -0.02465426
0.242188 0.00388181
0.244141 0.02537689
0.246094 -0.00207952
0.248047 -0.02614865
0.250000 0.00018763
0.251953 0.02665757
0.253906 0.00178878
0.255859 -0.02721738
0.257812 -0.00384795
0.259766 0.02748778
0.261719 0.00598110
0.263672 -0.02780577
0.265625 -0.00819730
0.267578 0.02781328
0.269531 0.01046780
0.271484 -0.02785860
0.273438 -0.01283082
0.275391 0.02757868
0.277344 0.01521792
0.279297 -0.02731906
0.281250 -0.01771809
0.283203 0.02672609
0.285156 0.02020043
0.287109 -0.02612708
0.289062 -0.02282936
0.291016 0.02519281
0.292969 0.02538593
0.294922 -0.02421651
0.296875 -0.02813746
0.298828 0.02290786
0.300781 0.03074894
0.302734 -0.02151092
0.304688 -0.03362048
0.306641 0.01978651
0.308594 0.03627099
0.310547 -0.01791681
0.312500 -0.03926559
0.314453 0.01572167
0.316406 0.04194520
0.318359 -0.01331298
0.320312 -0.04507476
0.322266 0.01056997
0.324219 0.04778338
0.326172 -0.00753292
0.328125 -0.05107406
0.330078 0.00412847
0.332031 0.05382772
0.333984 -0.00033490
0.335938 -0.05732935
0.337891 -0.00390611
0.339844 0.06017138
0.341797 0.00865175
0.343750 -0.06397530
0.345703 -0.01401299
0.347656 0.06699796
0.349609 0.02002941
0.351562 -0.07127309
0.353516 -0.02699824
0.355469 0.07466384
0.357422 0.03484523
0.359375 -0.07973827
0.361328 -0.04432560
0.363281 0.08389150
0.365234 0.05508339
0.367188 -0.09046299
0.369141 -0.06893904
0.371094 0.09629774
0.373047 0.08497994
0.375000 -0.10609245
0.376953 -0.10770696
0.378906 0.11619451
0.380859 0.13537162
0.382812 -0.13474032
0.384766 -0.18099275
0.386719 0.15940736
0.388672 0.24415156
0.390625 -0.21615488
0.392578 -0.38526566
0.394531 0.34640544
0.396484 0.68293164
0.398438 -1.31696959
0.400391 -7.90132155
0.402344 -37.18469461
0.404297 -21.24179473
0.406250 -60.79867553
0.408203 -26.41916131
0.410156 -77.34296901
0.412109 -29.68980328
0.414062 -59.09261928
0.416016 -32.09913431
0.417969 -53.57124084
0.419922 -34.03269063
0.421875 -50.94208919
0.423828 -35.67482798
0.425781 -49.38046626
0.427734 -37.12812675
0.429688 -48.35573123
0.431641 -38.45598632
0.433594 -47.64665981
0.435547 -39.70093637
0.437500 -47.14283313
0.439453 -40.89360635
0.441406 -46.78257956
0.443359 -42.05759684
0.445312 -46.52866439
0.447266 -43.21238831
0.449219 -46.35728745
0.451172 -44.37526839
0.453125 -46.25256819
0.455078 -45.56278812
0.457031 -46.20356075
0.458984 -46.79206307
0.460938 -46.20253856
0.462891 -48.08217617
0.464844 -46.24396004
0.466797 -49.45597953
0.468750 -46.32382030
0.470703 -50.94275813
0.472656 -46.43923214
0.474609 -52.58263111
0.476562 -46.58814861
0.478516 -54.43458586
0.480469 -46.76917654
0.482422 -56.59280686
0.484375 -46.98145038
0.486328 -59.22469856
0.488281 -47.22454787
0.490234 -62.67868886
0.492188 -47.49843570
0.494141 -67.91173370
0.496094 -47.80343810
0.498047 -80.50095773
0.500000 -48.14022396
0.501953 -74.42182968
0.503906 -48.50981043
0.505859 -66.89001962
0.507812 -48.91358243
0.509766 -63.17872623
0.511719 -49.35332905
0.513672 -60.77727650
0.515625 -49.83129949
0.517578 -59.04849539
0.519531 -50.35028322
0.521484 -57.73219566
0.523438 -50.91372170
0.525391 -56.69649654
0.527344 -51.52586304
0.529297 -55.86543346
0.531250 -52.19197729
0.533203 -55.19136643
0.535156 -52.91865993
0.537109 -54.64255814
0.539062 -53.71426800
0.541016 -54.19690024
0.542969 -54.58956258
0.544922 -53.83846529
0.546875 -55.55868477
0.548828 -53.55548452
0.550781 -56.64069483
0.552734 -53.33909971
0.554688 -57.86211375
0.556641 -53.18256073
0.558594 -59.26136736
0.560547 -53.08069269
0.562500 -60.89714565
0.564453 -53.02953319
0.566406 -62.86571721
0.568359 -53.02608100
0.570312 -65.34193386
0.572266 -53.06812059
0.574219 -68.69806431
0.576172 -53.15410020
0.578125 -73.99427989
0.580078 -53.28304931
0.582031 -88.41007401
0.583984 -53.45452673
0.585938 -78.61731988
0.587891 -53.66859405
0.589844 -71.51419189
0.591797 -53.92581181
0.593750 -67.81217416
0.595703 -54.22725793
0.597656 -65.34502476
0.599609 -54.57457007
0.601562 -63.52739465
0.603516 -54.97001610
0.605469 -62.11430820
0.607422 -55.41659969
0.609375 -60.97977653
0.611328 -55.91821265
0.613281 -60.05047481
0.615234 -56.47985248
0.617188 -59.28003826
0.619141 -57.10793391
0.621094 -58.63735939
0.623047 -57.81074189
0.625000 -58.10062885
0.626953 -58.59910475
0.628906 -57.65403918
0.630859 -59.48742445
0.632812 -57.28584155
0.634766 -60.49531328
0.636719 -56.98714120
0.638672 -61.65031779
0.640625 -56.75112006
0.642578 -62.99272562
0.644531 -56.57251889
0.646484 -64.58471129
0.648438 -56.44728377
0.650391 -66.52957157
0.652344 -56.37232064
0.654297 -69.01828705
0.656250 -56.34532373
0.658203 -72.46926697
0.660156 -56.36465621
0.662109 -78.14688428
0.664062 -56.42926970
0.666016 -98.44247997
0.667969 -56.53865400
0.669922 -80.26366204
0.671875 -56.69281210
0.673828 -73.86297279
0.675781 -56.89225802
0.677734 -70.32299197
0.679688 -57.13803738
0.681641 -67.90308108
0.683594 -57.43177251
0.685547 -66.09034532
0.687500 -57.77573652
0.689453 -64.66243985
0.691406 -58.17296422
0.693359 -63.50269906
0.695312 -58.62741195
0.697266 -62.54232206
0.699219 -59.14418612
0.701172 -61.73739104
0.703125 -59.72987145
0.705078 -61.05822793
0.707031 -60.39300981
0.708984 -60.48390733
0.710938 -61.14481473
0.712891 -59.99919272
0.714844 -62.00027074
0.716797 -59.59271690
0.718750 -62.97989078
0.720703 -59.25584733
0.722656 -64.11266404
0.724609 -58.98195049
0.726562 -65.44130952
0.728516 -58.76589996
0.730469 -67.03240125
0.732422 -58.60373965
0.734375 -68.99804017
0.736328 -58.49244964
0.738281 -71.54967285
0.740234 -58.42978238
0.742188 -75.16651897
0.744141 -58.41414917
0.746094 -81.40974700
0.748047 -58.44454390
0.750000 -109.58547803
0.751953 -58.52049645
0.753906 -80.90167856
0.755859 -58.64205079
0.757812 -75.13680647
0.759766 -58.80976600
0.761719 -71.77910483
0.763672 -59.02474003
0.765625 -69.43197891
0.767578 -59.28865867
0.769531 -67.64913531
0.771484 -59.60387448
0.773438 -66.23013431
0.775391 -59.97352402
0.777344 -65.06762121
0.779297 -60.40169648
0.781250 -64.09742127
0.783203 -60.89367491
0.785156 -63.27817232
0.787109 -61.45628336
0.789062 -62.58172130
0.791016 -62.09839474
0.792969 -61.98810801
0.794922 -62.83169201
0.796875 -61.48273600
0.798828 -63.67184551
0.800781 -61.05467919
0.802734 -64.64040762
0.804688 -60.69561920
0.806641 -65.76801738
0.808594 -60.39915300
0.810547 -67.10017255
0.812500 -60.16032799
0.814453 -68.70851023
0.816406 -59.97532300
0.818359 -70.71541882
0.820312 -59.84122598
0.822266 -73.35691447
0.824219 -59.75587866
0.826172 -77.18899132
0.828125 -59.71776905
0.830078 -84.19803824
0.832031 -59.72596008
0.833984 -96.84507071
0.835938 -59.78004670
0.837891 -80.95670087
0.839844 -59.88013760
0.841797 -75.72794464
0.843750 -60.02685948
0.845703 -72.54521209
0.847656 -60.22138443
0.849609 -70.27575292
0.851562 -60.46548313
0.853516 -68.53057064
0.855469 -60.76160890
0.857422 -67.12901614
0.859375 -61.11302184
0.861328 -65.97239213
0.863281 -61.52396709
0.865234 -65.00091112
0.867188 -61.99992970
0.869141 -64.17567163
0.871094 -62.54800231
0.873047 -63.47000788
0.875000 -63.17742490
0.876953 -62.86491195
0.878906 -63.90039711
0.880859 -62.34642608
0.882812 -64.73334188
0.884766 -61.90406942
0.886719 -65.69895316
0.888672 -61.52984453
0.890625 -66.82968988
0.892578 -61.21758679
0.894531 -68.17414020
0.896484 -60.96252596
0.898438 -69.80964516
0.900391 -60.76098432
0.902344 -71.87041356
0.904297 -60.61016623
0.906250 -74.62159966
0.908203 -60.50801102
0.910156 -78.71572081
0.912109 -60.45309165
0.914062 -86.76650421
0.916016 -60.44454802
0.917969 -92.37865610
0.919922 -60.48204812
0.921875 -80.58273161
0.923828 -60.56577315
0.925781 -75.80125512
0.927734 -60.69642538
0.929688 -72.77890960
0.931641 -60.87525919
0.933594 -70.58492341
0.935547 -61.10413862
0.937500 -68.87877542
0.939453 -61.38562702
0.941406 -67.49733932
0.943359 -61.72311841
0.945312 -66.34979337
0.947266 -62.12102590
0.949219 -65.38041508
0.951172 -62.58505135
0.953125 -64.55261418
0.955078 -63.12257510
0.957031 -63.84113685
0.958984 -63.74323011
0.960938 -63.22788749
0.962891 -64.45977005
0.964844 -62.69952512
0.966797 -65.28942756
0.968750 -62.24600200
0.970703 -66.25613131
0.972656 -61.85963512
0.974609 -67.39432371
0.976562 -61.53449513
0.978516 -68.75599712
0.980469 -61.26599291
0.982422 -70.42487045
0.984375 -61.05059437
0.986328 -72.54866278
0.988281 -60.88562120
0.990234 -75.42702049
0.992188 -60.76911183
0.994141 -79.83458349
0.996094 -60.69972605
0.998047 -89.36231936
1.000000 -60.67668297
