0 0.00000000
1 -0.00617818
2 -0.00389787
3 0.00398081
4 0.00658110
5 0.00000000
6 -0.00688024
7 -0.00435111
8 0.00445471
9 0.00738368
10 -0.00000000
11 -0.00776233
12 -0.00492363
13 0.00505670
14 0.00840919
15 -0.00000000
16 -0.00890384
17 -0.00566963
18 0.00584681
19 0.00976551
20 -0.00000000
21 -0.01043899
22 -0.00668207
23 0.00692955
24 0.01164349
25 0.00000000
26 -0.01261378
27 -0.00813469
28 0.00850445
29 0.01441575
30 -0.00000000
31 -0.01593319
32 -0.01039433
33 0.01100576
34 0.01892067
35 -0.00000000
36 -0.02162362
37 -0.01439214
38 0.01559149
39 0.02752097
40 -0.00000000
41 -0.03363674
42 -0.02338723
43 0.02672827
44 0.05045512
45 -0.00000000
46 -0.07568267
47 -0.06236595
48 0.09354893
49 0.30273069
50 0.40000000
51 0.30273069
52 0.09354893
53 -0.06236595
54 -0.07568267
55 -0.00000000
56 0.05045512
57 0.02672827
58 -0.02338723
59 -0.03363674
60 -0.00000000
61 0.02752097
62 0.01559149
63 -0.01439214
64 -0.02162362
65 -0.00000000
66 0.01892067
67 0.01100576
68 -0.01039433
69 -0.01593319
70 -0.00000000
71 0.01441575
72 0.00850445
73 -0.00813469
74 -0.01261378
75 0.00000000
76 0.01164349
77 0.00692955
78 -0.00668207
79 -0.01043899
80 -0.00000000
81 0.00976551
82 0.00584681
83 -0.00566963
84 -0.00890384
85 -0.00000000
86 0.00840919
87 0.00505670
88 -0.00492363
89 -0.00776233
90 -0.00000000
91 0.00738368
92 0.00445471
93 -0.00435111
94 -0.00688024
95 0.00000000
96 0.00658110
97 0.00398081
98 -0.00389787
99 -0.00617818
100 0.00000000
