0 0.00000000
1 -0.00060667
2 -0.00037570
3 0.00037645
4 0.00061034
5 0.00000000
6 -0.00061282
7 -0.00037951
8 0.00038028
9 0.00061656
10 0.00000000
11 -0.00061908
12 -0.00038340
13 0.00038418
14 0.00062290
15 -0.00000000
16 -0.00062548
17 -0.00038737
18 0.00038817
19 0.00062938
20 -0.00000000
21 -0.00063201
22 -0.00039142
23 0.00039224
24 0.00063599
25 -0.00000000
26 -0.00063867
27 -0.00039556
28 0.00039639
29 0.00064274
30 0.00000000
31 -0.00064548
32 -0.00039978
33 0.00040064
34 0.00064964
35 -0.00000000
36 -0.00065244
37 -0.00040410
38 0.00040497
39 0.00065668
40 0.00000000
41 -0.00065954
42 -0.00040851
43 0.00040940
44 0.00066388
45 -0.00000000
46 -0.00066681
47 -0.00041302
48 0.00041393
49 0.00067124
50 -0.00000000
51 -0.00067423
52 -0.00041763
53 0.00041856
54 0.00067877
55 0.00000000
56 -0.00068183
57 -0.00042234
58 0.00042330
59 0.00068646
60 0.00000000
61 -0.00068959
62 -0.00042716
63 0.00042814
64 0.00069434
65 0.00000000
66 -0.00069754
67 -0.00043210
68 0.00043310
69 0.00070239
70 -0.00000000
71 -0.00070567
72 -0.00043714
73 0.00043817
74 0.00071064
75 -0.00000000
76 -0.00071399
77 -0.00044231
78 0.00044336
79 0.00071908
80 0.00000000
81 -0.00072251
82 -0.00044760
83 0.00044868
84 0.00072772
85 0.00000000
86 -0.00073123
87 -0.00045302
88 0.00045412
89 0.00073657
90 -0.00000000
91 -0.00074017
92 -0.00045857
93 0.00045970
94 0.00074564
95 -0.00000000
96 -0.00074933
97 -0.00046426
98 0.00046542
99 0.00075494
100 0.00000000
101 -0.00075872
102 -0.00047010
103 0.00047128
104 0.00076447
105 0.00000000
106 -0.00076835
107 -0.00047608
108 0.00047729
109 0.00077425
110 -0.00000000
111 -0.00077823
112 -0.00048221
113 0.00048346
114 0.00078428
115 0.00000000
116 -0.00078836
117 -0.00048851
118 0.00048978
119 0.00079457
120 0.00000000
121 -0.00079876
122 -0.00049497
123 0.00049628
124 0.00080513
125 -0.00000000
126 -0.00080944
127 -0.00050160
128 0.00050295
129 0.00081599
130 -0.00000000
131 -0.00082041
132 -0.00050842
133 0.00050980
134 0.00082713
135 0.00000000
136 -0.00083168
137 -0.00051542
138 0.00051684
139 0.00083859
140 0.00000000
141 -0.00084326
142 -0.00052262
143 0.00052408
144 0.00085037
145 0.00000000
146 -0.00085517
147 -0.00053002
148 0.00053153
149 0.00086248
150 -0.00000000
151 -0.00086742
152 -0.00053764
153 0.00053919
154 0.00087494
155 0.00000000
156 -0.00088003
157 -0.00054547
158 0.00054707
159 0.00088777
160 0.00000000
161 -0.00089301
162 -0.00055354
163 0.00055519
164 0.00090098
165 -0.00000000
166 -0.00090638
167 -0.00056186
168 0.00056355
169 0.00091459
170 -0.00000000
171 -0.00092015
172 -0.00057042
173 0.00057216
174 0.00092862
175 -0.00000000
176 -0.00093435
177 -0.00057925
178 0.00058105
179 0.00094309
180 -0.00000000
181 -0.00094900
182 -0.00058836
183 0.00059021
184 0.00095801
185 0.00000000
186 -0.00096411
187 -0.00059776
188 0.00059967
189 0.00097341
190 0.00000000
191 -0.00097971
192 -0.00060746
193 0.00060944
194 0.00098932
195 0.00000000
196 -0.00099582
197 -0.00061748
198 0.00061953
199 0.00100575
200 0.00000000
201 -0.00101248
202 -0.00062785
203 0.00062996
204 0.00102274
205 0.00000000
206 -0.00102970
207 -0.00063856
208 0.00064075
209 0.00104031
210 0.00000000
211 -0.00104751
212 -0.00064965
213 0.00065191
214 0.00105850
215 0.00000000
216 -0.00106595
217 -0.00066112
218 0.00066347
219 0.00107733
220 -0.00000000
221 -0.00108506
222 -0.00067301
223 0.00067544
224 0.00109685
225 0.00000000
226 -0.00110486
227 -0.00068534
228 0.00068786
229 0.00111709
230 -0.00000000
231 -0.00112539
232 -0.00069813
233 0.00070074
234 0.00113809
235 -0.00000000
236 -0.00114671
237 -0.00071140
238 0.00071411
239 0.00115989
240 0.00000000
241 -0.00116884
242 -0.00072519
243 0.00072801
244 0.00118254
245 0.00000000
246 -0.00119185
247 -0.00073952
248 0.00074245
249 0.00120610
250 0.00000000
251 -0.00121579
252 -0.00075443
253 0.00075748
254 0.00123061
255 0.00000000
256 -0.00124070
257 -0.00076995
258 0.00077313
259 0.00125614
260 -0.00000000
261 -0.00126666
262 -0.00078613
263 0.00078944
264 0.00128276
265 0.00000000
266 -0.00129372
267 -0.00080300
268 0.00080646
269 0.00131052
270 0.00000000
271 -0.00132197
272 -0.00082060
273 0.00082422
274 0.00133952
275 -0.00000000
276 -0.00135148
277 -0.00083900
278 0.00084278
279 0.00136982
280 0.00000000
281 -0.00138233
282 -0.00085825
283 0.00086220
284 0.00140153
285 -0.00000000
286 -0.00141463
287 -0.00087839
288 0.00088254
289 0.00143474
290 0.00000000
291 -0.00144847
292 -0.00089951
293 0.00090385
294 0.00146957
295 -0.00000000
296 -0.00148397
297 -0.00092166
298 0.00092623
299 0.00150612
300 0.00000000
301 -0.00152126
302 -0.00094494
303 0.00094974
304 0.00154454
305 -0.00000000
306 -0.00156047
307 -0.00096942
308 0.00097447
309 0.00158498
310 0.00000000
311 -0.00160175
312 -0.00099520
313 0.00100052
314 0.00162758
315 -0.00000000
316 -0.00164528
317 -0.00102239
318 0.00102801
319 0.00167255
320 0.00000000
321 -0.00169123
322 -0.00105111
323 0.00105705
324 0.00172006
325 -0.00000000
326 -0.00173983
327 -0.00108149
328 0.00108778
329 0.00177035
330 0.00000000
331 -0.00179131
332 -0.00111368
333 0.00112035
334 0.00182368
335 -0.00000000
336 -0.00184592
337 -0.00114784
338 0.00115493
339 0.00188031
340 -0.00000000
341 -0.00190397
342 -0.00118416
343 0.00119171
344 0.00194058
345 0.00000000
346 -0.00196578
347 -0.00122286
348 0.00123091
349 0.00200484
350 0.00000000
351 -0.00203175
352 -0.00126417
353 0.00127277
354 0.00207350
355 0.00000000
356 -0.00210230
357 -0.00130838
358 0.00131759
359 0.00214703
360 -0.00000000
361 -0.00217792
362 -0.00135578
363 0.00136568
364 0.00222596
365 -0.00000000
366 -0.00225918
367 -0.00140675
368 0.00141741
369 0.00231092
370 0.00000000
371 -0.00234675
372 -0.00146170
373 0.00147321
374 0.00240262
375 0.00000000
376 -0.00244138
377 -0.00152112
378 0.00153359
379 0.00250191
380 -0.00000000
381 -0.00254396
382 -0.00158558
383 0.00159913
384 0.00260975
385 0.00000000
386 -0.00265553
387 -0.00165573
388 0.00167052
389 0.00272730
390 0.00000000
391 -0.00277735
392 -0.00173239
393 0.00174858
394 0.00285595
395 0.00000000
396 -0.00291087
397 -0.00181648
398 0.00183429
399 0.00299733
400 0.00000000
401 -0.00305789
402 -0.00190916
403 0.00192884
404 0.00315344
405 0.00000000
406 -0.00322054
407 -0.00201180
408 0.00203367
409 0.00332671
410 0.00000000
411 -0.00340147
412 -0.00212611
413 0.00215055
414 0.00352012
415 0.00000000
416 -0.00360394
417 -0.00225419
418 0.00228168
419 0.00373742
420 -0.00000000
421 -0.00383203
422 -0.00239869
423 0.00242984
424 0.00398330
425 0.00000000
426 -0.00409096
427 -0.00256298
428 0.00259858
429 0.00426381
430 -0.00000000
431 -0.00438740
432 -0.00275144
433 0.00279251
434 0.00458683
435 0.00000000
436 -0.00473017
437 -0.00296981
438 0.00301771
439 0.00496280
440 -0.00000000
441 -0.00513103
442 -0.00322583
443 0.00328242
444 0.00540591
445 0.00000000
446 -0.00560612
447 -0.00353015
448 0.00359804
449 0.00593590
450 0.00000000
451 -0.00617818
452 -0.00389787
453 0.00398081
454 0.00658110
455 0.00000000
456 -0.00688024
457 -0.00435111
458 0.00445471
459 0.00738368
460 -0.00000000
461 -0.00776233
462 -0.00492363
463 0.00505670
464 0.00840919
465 -0.00000000
466 -0.00890384
467 -0.00566963
468 0.00584681
469 0.00976551
470 -0.00000000
471 -0.01043899
472 -0.00668207
473 0.00692955
474 0.01164349
475 0.00000000
476 -0.01261378
477 -0.00813469
478 0.00850445
479 0.01441575
480 -0.00000000
481 -0.01593319
482 -0.01039433
483 0.01100576
484 0.01892067
485 -0.00000000
486 -0.02162362
487 -0.01439214
488 0.01559149
489 0.02752097
490 -0.00000000
491 -0.03363674
492 -0.02338723
493 0.02672827
494 0.05045512
495 -0.00000000
496 -0.07568267
497 -0.06236595
498 0.09354893
499 0.30273069
500 0.40000000
501 0.30273069
502 0.09354893
503 -0.06236595
504 -0.07568267
505 -0.00000000
506 0.05045512
507 0.02672827
508 -0.02338723
509 -0.03363674
510 -0.00000000
511 0.02752097
512 0.01559149
513 -0.01439214
514 -0.02162362
515 -0.00000000
516 0.01892067
517 0.01100576
518 -0.01039433
519 -0.01593319
520 -0.00000000
521 0.01441575
522 0.00850445
523 -0.00813469
524 -0.01261378
525 0.00000000
526 0.01164349
527 0.00692955
528 -0.00668207
529 -0.01043899
530 -0.00000000
531 0.00976551
532 0.00584681
533 -0.00566963
534 -0.00890384
535 -0.00000000
536 0.00840919
537 0.00505670
538 -0.00492363
539 -0.00776233
540 -0.00000000
541 0.00738368
542 0.00445471
543 -0.00435111
544 -0.00688024
545 0.00000000
546 0.00658110
547 0.00398081
548 -0.00389787
549 -0.00617818
550 0.00000000
551 0.00593590
552 0.00359804
553 -0.00353015
554 -0.00560612
555 0.00000000
556 0.00540591
557 0.00328242
558 -0.00322583
559 -0.00513103
560 -0.00000000
561 0.00496280
562 0.00301771
563 -0.00296981
564 -0.00473017
565 0.00000000
566 0.00458683
567 0.00279251
568 -0.00275144
569 -0.00438740
570 -0.00000000
571 0.00426381
572 0.00259858
573 -0.00256298
574 -0.00409096
575 0.00000000
576 0.00398330
577 0.00242984
578 -0.00239869
579 -0.00383203
580 -0.00000000
581 0.00373742
582 0.00228168
583 -0.00225419
584 -0.00360394
585 0.00000000
586 0.00352012
587 0.00215055
588 -0.00212611
589 -0.00340147
590 0.00000000
591 0.00332671
592 0.00203367
593 -0.00201180
594 -0.00322054
595 0.00000000
596 0.00315344
597 0.00192884
598 -0.00190916
599 -0.00305789
600 0.00000000
601 0.00299733
602 0.00183429
603 -0.00181648
604 -0.00291087
605 0.00000000
606 0.00285595
607 0.00174858
608 -0.00173239
609 -0.00277735
610 0.00000000
611 0.00272730
612 0.00167052
613 -0.00165573
614 -0.00265553
615 0.00000000
616 0.00260975
617 0.00159913
618 -0.00158558
619 -0.00254396
620 -0.00000000
621 0.00250191
622 0.00153359
623 -0.00152112
624 -0.00244138
625 0.00000000
626 0.00240262
627 0.00147321
628 -0.00146170
629 -0.00234675
630 0.00000000
631 0.00231092
632 0.00141741
633 -0.00140675
634 -0.00225918
635 -0.00000000
636 0.00222596
637 0.00136568
638 -0.00135578
639 -0.00217792
640 -0.00000000
641 0.00214703
642 0.00131759
643 -0.00130838
644 -0.00210230
645 0.00000000
646 0.00207350
647 0.00127277
648 -0.00126417
649 -0.00203175
650 0.00000000
651 0.00200484
652 0.00123091
653 -0.00122286
654 -0.00196578
655 0.00000000
656 0.00194058
657 0.00119171
658 -0.00118416
659 -0.00190397
660 -0.00000000
661 0.00188031
662 0.00115493
663 -0.00114784
664 -0.00184592
665 -0.00000000
666 0.00182368
667 0.00112035
668 -0.00111368
669 -0.00179131
670 0.00000000
671 0.00177035
672 0.00108778
673 -0.00108149
674 -0.00173983
675 -0.00000000
676 0.00172006
677 0.00105705
678 -0.00105111
679 -0.00169123
680 0.00000000
681 0.00167255
682 0.00102801
683 -0.00102239
684 -0.00164528
685 -0.00000000
686 0.00162758
687 0.00100052
688 -0.00099520
689 -0.00160175
690 0.00000000
691 0.00158498
692 0.00097447
693 -0.00096942
694 -0.00156047
695 -0.00000000
696 0.00154454
697 0.00094974
698 -0.00094494
699 -0.00152126
700 0.00000000
701 0.00150612
702 0.00092623
703 -0.00092166
704 -0.00148397
705 -0.00000000
706 0.00146957
707 0.00090385
708 -0.00089951
709 -0.00144847
710 0.00000000
711 0.00143474
712 0.00088254
713 -0.00087839
714 -0.00141463
715 -0.00000000
716 0.00140153
717 0.00086220
718 -0.00085825
719 -0.00138233
720 0.00000000
721 0.00136982
722 0.00084278
723 -0.00083900
724 -0.00135148
725 -0.00000000
726 0.00133952
727 0.00082422
728 -0.00082060
729 -0.00132197
730 0.00000000
731 0.00131052
732 0.00080646
733 -0.00080300
734 -0.00129372
735 0.00000000
736 0.00128276
737 0.00078944
738 -0.00078613
739 -0.00126666
740 -0.00000000
741 0.00125614
742 0.00077313
743 -0.00076995
744 -0.00124070
745 0.00000000
746 0.00123061
747 0.00075748
748 -0.00075443
749 -0.00121579
750 0.00000000
751 0.00120610
752 0.00074245
753 -0.00073952
754 -0.00119185
755 0.00000000
756 0.00118254
757 0.00072801
758 -0.00072519
759 -0.00116884
760 0.00000000
761 0.00115989
762 0.00071411
763 -0.00071140
764 -0.00114671
765 -0.00000000
766 0.00113809
767 0.00070074
768 -0.00069813
769 -0.00112539
770 -0.00000000
771 0.00111709
772 0.00068786
773 -0.00068534
774 -0.00110486
775 0.00000000
776 0.00109685
777 0.00067544
778 -0.00067301
779 -0.00108506
780 -0.00000000
781 0.00107733
782 0.00066347
783 -0.00066112
784 -0.00106595
785 0.00000000
786 0.00105850
787 0.00065191
788 -0.00064965
789 -0.00104751
790 0.00000000
791 0.00104031
792 0.00064075
793 -0.00063856
794 -0.00102970
795 0.00000000
796 0.00102274
797 0.00062996
798 -0.00062785
799 -0.00101248
800 0.00000000
801 0.00100575
802 0.00061953
803 -0.00061748
804 -0.00099582
805 0.00000000
806 0.00098932
807 0.00060944
808 -0.00060746
809 -0.00097971
810 0.00000000
811 0.00097341
812 0.00059967
813 -0.00059776
814 -0.00096411
815 0.00000000
816 0.00095801
817 0.00059021
818 -0.00058836
819 -0.00094900
820 -0.00000000
821 0.00094309
822 0.00058105
823 -0.00057925
824 -0.00093435
825 -0.00000000
826 0.00092862
827 0.00057216
828 -0.00057042
829 -0.00092015
830 -0.00000000
831 0.00091459
832 0.00056355
833 -0.00056186
834 -0.00090638
835 -0.00000000
836 0.00090098
837 0.00055519
838 -0.00055354
839 -0.00089301
840 0.00000000
841 0.00088777
842 0.00054707
843 -0.00054547
844 -0.00088003
845 0.00000000
846 0.00087494
847 0.00053919
848 -0.00053764
849 -0.00086742
850 -0.00000000
851 0.00086248
852 0.00053153
853 -0.00053002
854 -0.00085517
855 0.00000000
856 0.00085037
857 0.00052408
858 -0.00052262
859 -0.00084326
860 0.00000000
861 0.00083859
862 0.00051684
863 -0.00051542
864 -0.00083168
865 0.00000000
866 0.00082713
867 0.00050980
868 -0.00050842
869 -0.00082041
870 -0.00000000
871 0.00081599
872 0.00050295
873 -0.00050160
874 -0.00080944
875 -0.00000000
876 0.00080513
877 0.00049628
878 -0.00049497
879 -0.00079876
880 0.00000000
881 0.00079457
882 0.00048978
883 -0.00048851
884 -0.00078836
885 0.00000000
886 0.00078428
887 0.00048346
888 -0.00048221
889 -0.00077823
890 -0.00000000
891 0.00077425
892 0.00047729
893 -0.00047608
894 -0.00076835
895 0.00000000
896 0.00076447
897 0.00047128
898 -0.00047010
899 -0.00075872
900 0.00000000
901 0.00075494
902 0.00046542
903 -0.00046426
904 -0.00074933
905 -0.00000000
906 0.00074564
907 0.00045970
908 -0.00045857
909 -0.00074017
910 -0.00000000
911 0.00073657
912 0.00045412
913 -0.00045302
914 -0.00073123
915 0.00000000
916 0.00072772
917 0.00044868
918 -0.00044760
919 -0.00072251
920 0.00000000
921 0.00071908
922 0.00044336
923 -0.00044231
924 -0.00071399
925 -0.00000000
926 0.00071064
927 0.00043817
928 -0.00043714
929 -0.00070567
930 -0.00000000
931 0.00070239
932 0.00043310
933 -0.00043210
934 -0.00069754
935 0.00000000
936 0.00069434
937 0.00042814
938 -0.00042716
939 -0.00068959
940 0.00000000
941 0.00068646
942 0.00042330
943 -0.00042234
944 -0.00068183
945 0.00000000
946 0.00067877
947 0.00041856
948 -0.00041763
949 -0.00067423
950 -0.00000000
951 0.00067124
952 0.00041393
953 -0.00041302
954 -0.00066681
955 -0.00000000
956 0.00066388
957 0.00040940
958 -0.00040851
959 -0.00065954
960 0.00000000
961 0.00065668
962 0.00040497
963 -0.00040410
964 -0.00065244
965 -0.00000000
966 0.00064964
967 0.00040064
968 -0.00039978
969 -0.00064548
970 0.00000000
971 0.00064274
972 0.00039639
973 -0.00039556
974 -0.00063867
975 -0.00000000
976 0.00063599
977 0.00039224
978 -0.00039142
979 -0.00063201
980 -0.00000000
981 0.00062938
982 0.00038817
983 -0.00038737
984 -0.00062548
985 -0.00000000
986 0.00062290
987 0.00038418
988 -0.00038340
989 -0.00061908
990 0.00000000
991 0.00061656
992 0.00038028
993 -0.00037951
994 -0.00061282
995 0.00000000
996 0.00061034
997 0.00037645
998 -0.00037570
999 -0.00060667
1000 0.00000000
