0 0.00000000
1 -0.00121579
2 -0.00075443
3 0.00075748
4 0.00123061
5 0.00000000
6 -0.00124070
7 -0.00076995
8 0.00077313
9 0.00125614
10 -0.00000000
11 -0.00126666
12 -0.00078613
13 0.00078944
14 0.00128276
15 0.00000000
16 -0.00129372
17 -0.00080300
18 0.00080646
19 0.00131052
20 0.00000000
21 -0.00132197
22 -0.00082060
23 0.00082422
24 0.00133952
25 -0.00000000
26 -0.00135148
27 -0.00083900
28 0.00084278
29 0.00136982
30 0.00000000
31 -0.00138233
32 -0.00085825
33 0.00086220
34 0.00140153
35 -0.00000000
36 -0.00141463
37 -0.00087839
38 0.00088254
39 0.00143474
40 0.00000000
41 -0.00144847
42 -0.00089951
43 0.00090385
44 0.00146957
45 -0.00000000
46 -0.00148397
47 -0.00092166
48 0.00092623
49 0.00150612
50 0.00000000
51 -0.00152126
52 -0.00094494
53 0.00094974
54 0.00154454
55 -0.00000000
56 -0.00156047
57 -0.00096942
58 0.00097447
59 0.00158498
60 0.00000000
61 -0.00160175
62 -0.00099520
63 0.00100052
64 0.00162758
65 -0.00000000
66 -0.00164528
67 -0.00102239
68 0.00102801
69 0.00167255
70 0.00000000
71 -0.00169123
72 -0.00105111
73 0.00105705
74 0.00172006
75 -0.00000000
76 -0.00173983
77 -0.00108149
78 0.00108778
79 0.00177035
80 0.00000000
81 -0.00179131
82 -0.00111368
83 0.00112035
84 0.00182368
85 -0.00000000
86 -0.00184592
87 -0.00114784
88 0.00115493
89 0.00188031
90 -0.00000000
91 -0.00190397
92 -0.00118416
93 0.00119171
94 0.00194058
95 0.00000000
96 -0.00196578
97 -0.00122286
98 0.00123091
99 0.00200484
100 0.00000000
101 -0.00203175
102 -0.00126417
103 0.00127277
104 0.00207350
105 0.00000000
106 -0.00210230
107 -0.00130838
108 0.00131759
109 0.00214703
110 -0.00000000
111 -0.00217792
112 -0.00135578
113 0.00136568
114 0.00222596
115 -0.00000000
116 -0.00225918
117 -0.00140675
118 0.00141741
119 0.00231092
120 0.00000000
121 -0.00234675
122 -0.00146170
123 0.00147321
124 0.00240262
125 0.00000000
126 -0.00244138
127 -0.00152112
128 0.00153359
129 0.00250191
130 -0.00000000
131 -0.00254396
132 -0.00158558
133 0.00159913
134 0.00260975
135 0.00000000
136 -0.00265553
137 -0.00165573
138 0.00167052
139 0.00272730
140 0.00000000
141 -0.00277735
142 -0.00173239
143 0.00174858
144 0.00285595
145 0.00000000
146 -0.00291087
147 -0.00181648
148 0.00183429
149 0.00299733
150 0.00000000
151 -0.00305789
152 -0.00190916
153 0.00192884
154 0.00315344
155 0.00000000
156 -0.00322054
157 -0.00201180
158 0.00203367
159 0.00332671
160 0.00000000
161 -0.00340147
162 -0.00212611
163 0.00215055
164 0.00352012
165 0.00000000
166 -0.00360394
167 -0.00225419
168 0.00228168
169 0.00373742
170 -0.00000000
171 -0.00383203
172 -0.00239869
173 0.00242984
174 0.00398330
175 0.00000000
176 -0.00409096
177 -0.00256298
178 0.00259858
179 0.00426381
180 -0.00000000
181 -0.00438740
182 -0.00275144
183 0.00279251
184 0.00458683
185 0.00000000
186 -0.00473017
187 -0.00296981
188 0.00301771
189 0.00496280
190 -0.00000000
191 -0.00513103
192 -0.00322583
193 0.00328242
194 0.00540591
195 0.00000000
196 -0.00560612
197 -0.00353015
198 0.00359804
199 0.00593590
200 0.00000000
201 -0.00617818
202 -0.00389787
203 0.00398081
204 0.00658110
205 0.00000000
206 -0.00688024
207 -0.00435111
208 0.00445471
209 0.00738368
210 -0.00000000
211 -0.00776233
212 -0.00492363
213 0.00505670
214 0.00840919
215 -0.00000000
216 -0.00890384
217 -0.00566963
218 0.00584681
219 0.00976551
220 -0.00000000
221 -0.01043899
222 -0.00668207
223 0.00692955
224 0.01164349
225 0.00000000
226 -0.01261378
227 -0.00813469
228 0.00850445
229 0.01441575
230 -0.00000000
231 -0.01593319
232 -0.01039433
233 0.01100576
234 0.01892067
235 -0.00000000
236 -0.02162362
237 -0.01439214
238 0.01559149
239 0.02752097
240 -0.00000000
241 -0.03363674
242 -0.02338723
243 0.02672827
244 0.05045512
245 -0.00000000
246 -0.07568267
247 -0.06236595
248 0.09354893
249 0.30273069
250 0.40000000
251 0.30273069
252 0.09354893
253 -0.06236595
254 -0.07568267
255 -0.00000000
256 0.05045512
257 0.02672827
258 -0.02338723
259 -0.03363674
260 -0.00000000
261 0.02752097
262 0.01559149
263 -0.01439214
264 -0.02162362
265 -0.00000000
266 0.01892067
267 0.01100576
268 -0.01039433
269 -0.01593319
270 -0.00000000
271 0.01441575
272 0.00850445
273 -0.00813469
274 -0.01261378
275 0.00000000
276 0.01164349
277 0.00692955
278 -0.00668207
279 -0.01043899
280 -0.00000000
281 0.00976551
282 0.00584681
283 -0.00566963
284 -0.00890384
285 -0.00000000
286 0.00840919
287 0.00505670
288 -0.00492363
289 -0.00776233
290 -0.00000000
291 0.00738368
292 0.00445471
293 -0.00435111
294 -0.00688024
295 0.00000000
296 0.00658110
297 0.00398081
298 -0.00389787
299 -0.00617818
300 0.00000000
301 0.00593590
302 0.00359804
303 -0.00353015
304 -0.00560612
305 0.00000000
306 0.00540591
307 0.00328242
308 -0.00322583
309 -0.00513103
310 -0.00000000
311 0.00496280
312 0.00301771
313 -0.00296981
314 -0.00473017
315 0.00000000
316 0.00458683
317 0.00279251
318 -0.00275144
319 -0.00438740
320 -0.00000000
321 0.00426381
322 0.00259858
323 -0.00256298
324 -0.00409096
325 0.00000000
326 0.00398330
327 0.00242984
328 -0.00239869
329 -0.00383203
330 -0.00000000
331 0.00373742
332 0.00228168
333 -0.00225419
334 -0.00360394
335 0.00000000
336 0.00352012
337 0.00215055
338 -0.00212611
339 -0.00340147
340 0.00000000
341 0.00332671
342 0.00203367
343 -0.00201180
344 -0.00322054
345 0.00000000
346 0.00315344
347 0.00192884
348 -0.00190916
349 -0.00305789
350 0.00000000
351 0.00299733
352 0.00183429
353 -0.00181648
354 -0.00291087
355 0.00000000
356 0.00285595
357 0.00174858
358 -0.00173239
359 -0.00277735
360 0.00000000
361 0.00272730
362 0.00167052
363 -0.00165573
364 -0.00265553
365 0.00000000
366 0.00260975
367 0.00159913
368 -0.00158558
369 -0.00254396
370 -0.00000000
371 0.00250191
372 0.00153359
373 -0.00152112
374 -0.00244138
375 0.00000000
376 0.00240262
377 0.00147321
378 -0.00146170
379 -0.00234675
380 0.00000000
381 0.00231092
382 0.00141741
383 -0.00140675
384 -0.00225918
385 -0.00000000
386 0.00222596
387 0.00136568
388 -0.00135578
389 -0.00217792
390 -0.00000000
391 0.00214703
392 0.00131759
393 -0.00130838
394 -0.00210230
395 0.00000000
396 0.00207350
397 0.00127277
398 -0.00126417
399 -0.00203175
400 0.00000000
401 0.00200484
402 0.00123091
403 -0.00122286
404 -0.00196578
405 0.00000000
406 0.00194058
407 0.00119171
408 -0.00118416
409 -0.00190397
410 -0.00000000
411 0.00188031
412 0.00115493
413 -0.00114784
414 -0.00184592
415 -0.00000000
416 0.00182368
417 0.00112035
418 -0.00111368
419 -0.00179131
420 0.00000000
421 0.00177035
422 0.00108778
423 -0.00108149
424 -0.00173983
425 -0.00000000
426 0.00172006
427 0.00105705
428 -0.00105111
429 -0.00169123
430 0.00000000
431 0.00167255
432 0.00102801
433 -0.00102239
434 -0.00164528
435 -0.00000000
436 0.00162758
437 0.00100052
438 -0.00099520
439 -0.00160175
440 0.00000000
441 0.00158498
442 0.00097447
443 -0.00096942
444 -0.00156047
445 -0.00000000
446 0.00154454
447 0.00094974
448 -0.00094494
449 -0.00152126
450 0.00000000
451 0.00150612
452 0.00092623
453 -0.00092166
454 -0.00148397
455 -0.00000000
456 0.00146957
457 0.00090385
458 -0.00089951
459 -0.00144847
460 0.00000000
461 0.00143474
462 0.00088254
463 -0.00087839
464 -0.00141463
465 -0.00000000
466 0.00140153
467 0.00086220
468 -0.00085825
469 -0.00138233
470 0.00000000
471 0.00136982
472 0.00084278
473 -0.00083900
474 -0.00135148
475 -0.00000000
476 0.00133952
477 0.00082422
478 -0.00082060
479 -0.00132197
480 0.00000000
481 0.00131052
482 0.00080646
483 -0.00080300
484 -0.00129372
485 0.00000000
486 0.00128276
487 0.00078944
488 -0.00078613
489 -0.00126666
490 -0.00000000
491 0.00125614
492 0.00077313
493 -0.00076995
494 -0.00124070
495 0.00000000
496 0.00123061
497 0.00075748
498 -0.00075443
499 -0.00121579
500 0.00000000
