0.000000	5
0.000063	6
0.000125	9
0.000188	6
0.000250	8
0.000313	3
0.000375	9
0.000438	6
0.000500	4
0.000562	11
0.000625	9
0.000687	4
0.000750	-1
0.000812	6
0.000875	10
0.000937	5
0.001000	0
0.001063	2
0.001125	3
0.001187	1
0.001250	1
0.001313	-1
0.001375	6
0.001437	3
0.001500	-1
0.001563	3
0.001625	0
0.001687	-3
0.001750	-1
0.001813	-1
0.001875	-2
0.001937	0
0.002000	0
0.002063	1
0.002125	0
0.002188	6
0.002250	6
0.002312	1
0.002375	4
0.002437	-1
0.002500	7
0.002563	0
0.002625	2
0.002687	11
0.002750	-1
0.002812	4
0.002875	4
0.002938	5
0.003000	5
0.003063	-1
0.003125	2
0.003187	4
0.003250	2
0.003312	-1
0.003375	2
0.003438	2
0.003500	5
0.003563	6
0.003625	1
0.003687	2
0.003750	1
0.003812	1
0.003875	2
0.003938	0
0.004000	2
0.004063	2
0.004125	-1
0.004188	1
0.004250	4
0.004313	0
0.004375	1
0.004437	3
0.004500	9
0.004562	8
0.004625	4
0.004687	7
0.004750	2
0.004812	4
0.004875	2
0.004938	3
0.005000	6
0.005063	0
0.005125	1
0.005188	2
0.005250	2
0.005313	1
0.005375	4
0.005437	-1
0.005500	0
0.005562	4
0.005625	1
0.005687	4
0.005750	0
0.005812	2
0.005875	4
0.005938	0
0.006000	3
0.006063	2
0.006125	1
0.006188	1
0.006250	3
0.006313	4
0.006375	2
0.006437	2
0.006500	-1
0.006562	-2
0.006625	4
0.006687	0
0.006750	0
0.006812	1
0.006875	-3
0.006938	-1
0.007000	-3
0.007063	-1
0.007125	1
0.007188	-1
0.007250	0
0.007313	3
0.007375	2
0.007437	-1
0.007500	5
0.007562	4
0.007625	1
0.007687	4
0.007750	0
0.007812	2
0.007875	7
0.007938	4
0.008000	3
0.008063	2
0.008125	6
0.008188	10
0.008250	5
0.008313	3
0.008375	5
0.008438	0
0.008500	0
0.008563	5
0.008625	-2
0.008688	5
0.008750	5
0.008812	-3
0.008875	1
0.008937	0
0.009000	1
0.009062	2
0.009125	3
0.009187	1
0.009250	0
0.009312	1
0.009375	0
0.009437	2
0.009500	2
0.009562	2
0.009625	5
0.009687	5
0.009750	3
0.009813	2
0.009875	3
0.009938	1
0.010000	3
0.010063	4
0.010125	-1
0.010188	-2
0.010250	3
0.010313	0
0.010375	0
0.010438	1
0.010500	-1
0.010563	3
0.010625	2
0.010688	1
0.010750	0
0.010812	1
0.010875	0
0.010937	-4
0.011000	-2
0.011062	1
0.011125	2
0.011187	-2
0.011250	-2
0.011312	2
0.011375	0
0.011437	4
0.011500	5
0.011562	1
0.011625	2
0.011687	0
0.011750	0
0.011813	3
0.011875	0
0.011938	-2
0.012000	2
0.012063	1
0.012125	4
0.012188	4
0.012250	-1
0.012313	2
0.012375	6
0.012438	3
0.012500	1
0.012563	5
0.012625	5
0.012688	4
0.012750	7
0.012812	3
0.012875	-1
0.012937	4
0.013000	7
0.013062	0
0.013125	1
0.013187	7
0.013250	3
0.013312	1
0.013375	1
0.013437	0
0.013500	0
0.013562	3
0.013625	1
0.013688	4
0.013750	1
0.013813	1
0.013875	6
0.013938	3
0.014000	1
0.014063	-1
0.014125	8
0.014188	3
0.014250	-1
0.014313	3
0.014375	2
0.014438	3
0.014500	4
0.014563	-1
0.014625	-5
0.014687	-1
0.014750	0
0.014812	2
0.014875	-1
0.014937	0
0.015000	12
0.015062	4
0.015125	-1
0.015187	3
0.015250	9
0.015312	5
0.015375	1
0.015437	2
0.015500	-1
0.015562	5
0.015625	2
0.015688	5
0.015750	4
0.015813	0
0.015875	3
0.015938	-2
0.016000	-2
0.016063	4
0.016125	3
0.016188	2
0.016250	3
0.016313	5
0.016375	7
0.016438	2
0.016500	3
0.016563	8
0.016625	-1
0.016688	1
0.016750	3
0.016813	-1
0.016875	1
0.016938	-3
0.017000	1
0.017063	2
0.017125	-1
0.017188	2
0.017250	1
0.017313	0
0.017375	4
0.017438	4
0.017500	-2
0.017563	0
0.017625	1
0.017687	-2
0.017750	0
0.017812	3
0.017875	5
0.017937	3
0.018000	3
0.018062	4
0.018125	2
0.018187	-1
0.018250	0
0.018312	7
0.018375	4
0.018437	-1
0.018500	-2
0.018562	-1
0.018625	0
0.018687	3
0.018750	4
0.018812	3
0.018875	7
0.018937	9
0.019000	4
0.019062	-2
0.019125	-2
0.019187	-1
0.019250	0
0.019312	-3
0.019375	2
0.019437	1
0.019500	-5
0.019563	-1
0.019625	-1
0.019688	-2
0.019750	0
0.019813	0
0.019875	0
0.019938	-3
0.020000	-4
0.020063	5
0.020125	-2
0.020188	-3
0.020250	8
0.020313	0
0.020375	-2
0.020438	0
0.020500	-2
0.020563	-2
0.020625	-1
0.020688	0
0.020750	-3
0.020813	-3
0.020875	1
0.020938	-2
0.021000	-3
0.021063	-1
0.021125	1
0.021188	3
0.021250	-3
0.021313	-1
0.021375	1
0.021438	0
0.021500	1
0.021562	4
0.021625	2
0.021687	3
0.021750	11
0.021812	0
0.021875	-3
0.021937	2
0.022000	0
0.022062	0
0.022125	-1
0.022187	2
0.022250	3
0.022312	0
0.022375	2
0.022437	1
0.022500	2
0.022562	2
0.022625	-2
0.022687	3
0.022750	1
0.022812	0
0.022875	3
0.022937	0
0.023000	2
0.023062	0
0.023125	4
0.023187	7
0.023250	8
0.023312	7
0.023375	-1
0.023438	5
0.023500	1
0.023563	-3
0.023625	-2
0.023688	1
0.023750	3
0.023813	-1
0.023875	2
0.023938	0
0.024000	0
0.024063	3
0.024125	5
0.024188	7
0.024250	2
0.024313	6
0.024375	6
0.024438	1
0.024500	6
0.024563	6
0.024625	5
0.024688	7
0.024750	12
0.024813	11
0.024875	6
0.024938	10
0.025000	9
0.025063	7
0.025125	7
0.025188	5
0.025250	5
0.025313	4
0.025375	7
0.025437	5
0.025500	8
0.025562	4
0.025625	0
0.025687	6
0.025750	7
0.025812	7
0.025875	4
0.025937	7
0.026000	4
0.026062	2
0.026125	9
0.026187	4
0.026250	3
0.026312	6
0.026375	0
0.026437	3
0.026500	3
0.026562	6
0.026625	6
0.026687	-1
0.026750	9
0.026812	6
0.026875	1
0.026937	3
0.027000	7
0.027062	7
0.027125	6
0.027187	10
0.027250	3
0.027312	9
0.027375	5
0.027438	-3
0.027500	6
0.027563	4
0.027625	1
0.027688	-2
0.027750	0
0.027813	1
0.027875	-2
0.027938	-1
0.028000	0
0.028063	7
0.028125	7
0.028188	0
0.028250	2
0.028313	6
0.028375	6
0.028438	5
0.028500	10
0.028563	6
0.028625	4
0.028688	12
0.028750	0
0.028813	2
0.028875	8
0.028938	2
0.029000	4
0.029063	7
0.029125	12
0.029188	6
0.029250	9
0.029312	8
0.029375	3
0.029437	12
0.029500	5
0.029562	7
0.029625	11
0.029687	7
0.029750	8
0.029812	8
0.029875	14
0.029937	7
0.030000	6
0.030062	14
0.030125	11
0.030187	11
0.030250	12
0.030312	15
0.030375	15
0.030437	14
0.030500	15
0.030562	12
0.030625	19
0.030687	21
0.030750	16
0.030812	10
0.030875	15
0.030937	13
0.031000	8
0.031062	13
0.031125	9
0.031187	6
0.031250	7
0.031313	7
0.031375	9
0.031438	8
0.031500	7
0.031563	8
0.031625	9
0.031688	13
0.031750	14
0.031813	13
0.031875	6
0.031938	8
0.032000	11
0.032063	5
0.032125	8
0.032188	7
0.032250	11
0.032313	9
0.032375	-1
0.032438	8
0.032500	13
0.032563	0
0.032625	5
0.032688	8
0.032750	2
0.032813	5
0.032875	1
0.032938	6
0.033000	9
0.033063	9
0.033125	6
0.033188	7
0.033250	13
0.033313	6
0.033375	9
0.033438	4
0.033500	0
0.033563	5
0.033625	2
0.033688	6
0.033750	6
0.033813	3
0.033875	7
0.033938	3
0.034000	1
0.034063	8
0.034125	9
0.034188	5
0.034250	4
0.034313	4
0.034375	4
0.034438	2
0.034500	1
0.034563	5
0.034625	5
0.034688	2
0.034750	2
0.034813	3
0.034875	6
0.034938	6
0.035000	4
0.035063	6
0.035125	6
0.035187	-2
0.035250	1
0.035312	5
0.035375	0
0.035437	3
0.035500	6
0.035562	5
0.035625	0
0.035687	-1
0.035750	-1
0.035812	0
0.035875	5
0.035937	3
0.036000	2
0.036062	0
0.036125	3
0.036187	5
0.036250	-1
0.036312	6
0.036375	8
0.036437	2
0.036500	4
0.036562	2
0.036625	6
0.036687	7
0.036750	1
0.036812	10
0.036875	7
0.036937	3
0.037000	4
0.037062	-1
0.037125	1
0.037187	-1
0.037250	-1
0.037312	2
0.037375	4
0.037437	2
0.037500	-1
0.037562	2
0.037625	5
0.037687	-1
0.037750	1
0.037812	8
0.037875	4
0.037937	3
0.038000	3
0.038062	2
0.038125	2
0.038187	-1
0.038250	-1
0.038312	5
0.038375	3
0.038437	0
0.038500	1
0.038562	0
0.038625	4
0.038687	1
0.038750	-2
0.038812	4
0.038875	10
0.038937	5
0.039000	-1
0.039062	0
0.039125	3
0.039188	2
0.039250	-2
0.039313	2
0.039375	5
0.039438	5
0.039500	3
0.039563	2
0.039625	5
0.039688	6
0.039750	4
0.039813	0
0.039875	3
0.039938	3
0.040000	-2
0.040063	1
0.040125	1
0.040188	-1
0.040250	0
0.040313	3
0.040375	1
0.040438	0
0.040500	3
0.040563	1
0.040625	6
0.040688	9
0.040750	-2
0.040813	0
0.040875	8
0.040938	1
0.041000	-1
0.041063	3
0.041125	1
0.041188	-1
0.041250	3
0.041313	8
0.041375	6
0.041438	-1
0.041500	1
0.041563	3
0.041625	1
0.041688	3
0.041750	-1
0.041813	1
0.041875	3
0.041938	2
0.042000	3
0.042063	4
0.042125	6
0.042188	10
0.042250	5
0.042313	-2
0.042375	11
0.042438	7
0.042500	-3
0.042563	2
0.042625	2
0.042688	2
0.042750	4
0.042813	1
0.042875	1
0.042938	2
0.043000	1
0.043062	4
0.043125	4
0.043187	2
0.043250	2
0.043312	4
0.043375	-1
0.043437	4
0.043500	8
0.043562	0
0.043625	4
0.043687	4
0.043750	1
0.043812	3
0.043875	10
0.043937	3
0.044000	-1
0.044062	3
0.044125	1
0.044187	2
0.044250	0
0.044312	6
0.044375	-1
0.044437	-2
0.044500	5
0.044562	3
0.044625	4
0.044687	2
0.044750	3
0.044812	3
0.044875	0
0.044937	1
0.045000	3
0.045062	-1
0.045125	2
0.045187	6
0.045250	-1
0.045312	-1
0.045375	0
0.045437	4
0.045500	2
0.045562	2
0.045625	3
0.045687	1
0.045750	5
0.045812	0
0.045875	1
0.045937	0
0.046000	3
0.046062	5
0.046125	-2
0.046187	-1
0.046250	-2
0.046312	1
0.046375	4
0.046437	1
0.046500	0
0.046562	-1
0.046625	-1
0.046687	2
0.046750	-1
0.046812	-1
0.046875	1
0.046938	-1
0.047000	7
0.047063	6
0.047125	0
0.047188	9
0.047250	6
0.047313	0
0.047375	6
0.047438	0
0.047500	2
0.047563	5
0.047625	5
0.047688	3
0.047750	0
0.047813	5
0.047875	2
0.047938	2
0.048000	1
0.048063	6
0.048125	4
0.048188	0
0.048250	6
0.048313	1
0.048375	3
0.048438	3
0.048500	5
0.048563	3
0.048625	-2
0.048688	2
0.048750	2
0.048813	1
0.048875	1
0.048938	4
0.049000	3
0.049063	0
0.049125	1
0.049188	2
0.049250	0
0.049313	2
0.049375	3
0.049438	9
0.049500	7
0.049563	1
0.049625	3
0.049688	6
0.049750	6
0.049813	1
0.049875	-1
0.049938	5
0.050000	6
0.050063	1
0.050125	4
0.050188	5
0.050250	3
0.050313	4
0.050375	2
0.050438	3
0.050500	3
0.050563	2
0.050625	1
0.050688	0
0.050750	6
0.050812	0
0.050875	-1
0.050937	8
0.051000	2
0.051062	2
0.051125	5
0.051187	8
0.051250	2
0.051312	0
0.051375	0
0.051437	-1
0.051500	1
0.051562	5
0.051625	6
0.051687	0
0.051750	8
0.051812	2
0.051875	5
0.051937	7
0.052000	0
0.052062	1
0.052125	-1
0.052187	8
0.052250	1
0.052312	0
0.052375	3
0.052437	-1
0.052500	2
0.052562	-3
0.052625	1
0.052687	3
0.052750	0
0.052812	-1
0.052875	1
0.052937	2
0.053000	0
0.053062	1
0.053125	4
0.053187	1
0.053250	-1
0.053312	5
0.053375	3
0.053437	1
0.053500	4
0.053562	1
0.053625	-2
0.053687	3
0.053750	3
0.053812	2
0.053875	2
0.053937	-1
0.054000	-1
0.054062	0
0.054125	3
0.054187	1
0.054250	0
0.054312	1
0.054375	-2
0.054437	-2
0.054500	6
0.054562	6
0.054625	2
0.054688	7
0.054750	6
0.054813	12
0.054875	8
0.054938	0
0.055000	4
0.055063	-1
0.055125	2
0.055188	3
0.055250	-2
0.055313	2
0.055375	-1
0.055438	1
0.055500	2
0.055563	0
0.055625	2
0.055688	-1
0.055750	-2
0.055813	1
0.055875	1
0.055938	-2
0.056000	0
0.056063	2
0.056125	2
0.056188	2
0.056250	-1
0.056313	0
0.056375	1
0.056438	1
0.056500	1
0.056563	0
0.056625	-2
0.056688	0
0.056750	8
0.056813	3
0.056875	1
0.056938	4
0.057000	-4
0.057063	-1
0.057125	1
0.057188	0
0.057250	0
0.057313	-1
0.057375	1
0.057438	-2
0.057500	2
0.057563	6
0.057625	-1
0.057688	0
0.057750	0
0.057813	0
0.057875	-3
0.057938	3
0.058000	5
0.058063	2
0.058125	4
0.058188	1
0.058250	8
0.058313	6
0.058375	3
0.058438	3
0.058500	5
0.058563	7
0.058625	-2
0.058687	1
0.058750	2
0.058812	-1
0.058875	3
0.058937	0
0.059000	1
0.059062	1
0.059125	-1
0.059187	4
0.059250	3
0.059312	2
0.059375	4
0.059437	2
0.059500	0
0.059562	-1
0.059625	-1
0.059687	0
0.059750	-4
0.059812	1
0.059875	5
0.059937	-2
0.060000	3
0.060062	1
0.060125	-3
0.060187	1
0.060250	1
0.060312	1
0.060375	-1
0.060437	4
0.060500	4
0.060562	1
0.060625	9
0.060687	3
0.060750	0
0.060812	4
0.060875	5
0.060937	0
0.061000	-1
0.061062	1
0.061125	-2
0.061187	-1
0.061250	0
0.061312	4
0.061375	-1
0.061437	-2
0.061500	2
0.061562	0
0.061625	-2
0.061687	-1
0.061750	0
0.061812	-1
0.061875	5
0.061937	3
0.062000	1
0.062062	4
0.062125	4
0.062187	2
0.062250	3
0.062312	4
0.062375	1
0.062437	8
0.062500	2
0.062562	-1
0.062625	3
0.062687	1
0.062750	1
0.062812	1
0.062875	-4
0.062937	-3
0.063000	4
0.063062	0
0.063125	-1
0.063187	-1
0.063250	2
0.063312	1
0.063375	-1
0.063437	3
0.063500	0
0.063562	-2
0.063625	-1
0.063687	1
0.063750	1
0.063812	-2
0.063875	0
0.063937	-1
0.064000	1
0.064062	10
0.064125	4
0.064187	-1
0.064250	5
0.064312	4
0.064375	3
0.064437	1
0.064500	2
0.064562	1
0.064625	1
0.064687	3
0.064750	0
0.064812	-1
0.064875	-2
0.064937	-2
0.065000	-2
0.065062	6
0.065125	4
0.065187	-2
0.065250	5
0.065312	0
0.065375	2
0.065437	5
0.065500	1
0.065562	4
0.065625	0
0.065687	1
0.065750	4
0.065812	2
0.065875	5
0.065937	4
0.066000	-1
0.066062	5
0.066125	7
0.066187	-2
0.066250	-3
0.066312	1
0.066375	4
0.066437	-1
0.066500	1
0.066562	4
0.066625	4
0.066687	1
0.066750	0
0.066812	-1
0.066875	-4
0.066937	2
0.067000	0
0.067062	0
0.067125	-1
0.067187	-5
0.067250	1
0.067312	-2
0.067375	-3
0.067437	0
0.067500	-1
0.067562	-1
0.067625	3
0.067687	5
0.067750	0
0.067812	2
0.067875	1
0.067937	0
0.068000	4
0.068062	-2
0.068125	6
0.068187	4
0.068250	-2
0.068312	7
0.068375	4
0.068437	2
0.068500	4
0.068562	4
0.068625	0
0.068687	-2
0.068750	1
0.068812	-2
0.068875	0
0.068937	-1
0.069000	-1
0.069062	0
0.069125	-1
0.069187	6
0.069250	1
0.069312	1
0.069375	0
0.069437	-1
0.069500	0
0.069562	-2
0.069625	2
0.069687	-2
0.069750	-2
0.069812	-1
0.069875	0
0.069937	-1
0.070000	-3
0.070062	0
0.070125	-2
0.070187	-2
0.070250	0
0.070312	0
0.070375	3
0.070438	0
0.070500	-4
0.070563	1
0.070625	0
0.070688	-2
0.070750	-1
0.070813	-1
0.070875	-1
0.070938	0
0.071000	-1
0.071063	1
0.071125	-1
0.071188	-4
0.071250	1
0.071313	1
0.071375	0
0.071438	-2
0.071500	0
0.071563	4
0.071625	-2
0.071688	1
0.071750	2
0.071813	2
0.071875	3
0.071938	-3
0.072000	1
0.072063	2
0.072125	3
0.072188	3
0.072250	-1
0.072313	3
0.072375	1
0.072438	-3
0.072500	-3
0.072563	-1
0.072625	-2
0.072688	-2
0.072750	0
0.072813	-1
0.072875	-1
0.072938	-3
0.073000	-3
0.073063	0
0.073125	-3
0.073188	-3
0.073250	-2
0.073313	2
0.073375	2
0.073438	-2
0.073500	1
0.073563	2
0.073625	0
0.073688	-1
0.073750	-2
0.073813	-1
0.073875	-2
0.073938	-1
0.074000	-2
0.074063	-2
0.074125	-1
0.074188	0
0.074250	-2
0.074313	-3
0.074375	-2
0.074438	-2
0.074500	-6
0.074563	-3
0.074625	-3
0.074688	-2
0.074750	-1
0.074813	-1
0.074875	1
0.074938	-4
0.075000	0
0.075063	5
0.075125	-2
0.075188	-2
0.075250	1
0.075313	1
0.075375	1
0.075438	-3
0.075500	0
0.075563	4
0.075625	-1
0.075688	1
0.075750	1
0.075813	2
0.075875	-2
0.075938	-3
0.076000	-2
0.076063	-2
0.076125	0
0.076188	-2
0.076250	-3
0.076313	2
0.076375	1
0.076438	0
0.076500	0
0.076563	-3
0.076625	2
0.076688	-1
0.076750	-4
0.076813	1
0.076875	-1
0.076938	2
0.077000	-1
0.077063	2
0.077125	2
0.077188	-5
0.077250	-1
0.077313	0
0.077375	-2
0.077438	-2
0.077500	-2
0.077563	-1
0.077625	1
0.077688	-2
0.077750	-3
0.077813	-1
0.077875	-3
0.077938	1
0.078000	-3
0.078063	-1
0.078125	7
0.078187	-1
0.078250	-3
0.078312	0
0.078375	2
0.078437	-2
0.078500	-1
0.078562	3
0.078625	-1
0.078687	2
0.078750	0
0.078812	1
0.078875	6
0.078937	-3
0.079000	-3
0.079062	1
0.079125	-1
0.079187	6
0.079250	1
0.079312	-3
0.079375	2
0.079437	4
0.079500	4
0.079562	-2
0.079625	-1
0.079687	-1
0.079750	-2
0.079812	1
0.079875	0
0.079937	0
0.080000	-4
0.080062	2
0.080125	4
0.080187	-2
0.080250	-2
0.080312	-2
0.080375	-2
0.080437	-1
0.080500	-4
0.080562	1
0.080625	6
0.080687	-1
0.080750	0
0.080812	9
0.080875	3
0.080937	0
0.081000	2
0.081062	1
0.081125	4
0.081187	5
0.081250	0
0.081312	-1
0.081375	0
0.081437	-1
0.081500	1
0.081562	2
0.081625	-1
0.081687	4
0.081750	1
0.081812	-3
0.081875	3
0.081937	0
0.082000	-3
0.082062	4
0.082125	1
0.082187	-2
0.082250	1
0.082312	0
0.082375	1
0.082437	-2
0.082500	-4
0.082562	-1
0.082625	1
0.082687	3
0.082750	0
0.082812	-2
0.082875	0
0.082937	-3
0.083000	-4
0.083062	3
0.083125	3
0.083187	0
0.083250	-1
0.083312	-2
0.083375	1
0.083437	1
0.083500	3
0.083562	5
0.083625	0
0.083687	4
0.083750	5
0.083812	0
0.083875	-1
0.083937	3
0.084000	1
0.084062	-4
0.084125	-1
0.084187	1
0.084250	-2
0.084312	-1
0.084375	2
0.084437	3
0.084500	1
0.084562	0
0.084625	1
0.084687	1
0.084750	-1
0.084812	-2
0.084875	-2
0.084937	-1
0.085000	0
0.085062	-1
0.085125	0
0.085187	0
0.085250	-2
0.085312	-3
0.085375	-2
0.085437	-2
0.085500	-2
0.085562	-1
0.085625	3
0.085687	4
0.085750	-3
0.085812	2
0.085875	1
0.085938	1
0.086000	-1
0.086063	-5
0.086125	3
0.086188	1
0.086250	-3
0.086313	0
0.086375	0
0.086438	-3
0.086500	-4
0.086563	2
0.086625	3
0.086688	2
0.086750	2
0.086813	0
0.086875	2
0.086938	2
0.087000	1
0.087063	1
0.087125	0
0.087188	2
0.087250	3
0.087313	-2
0.087375	-3
0.087438	0
0.087500	0
0.087563	-1
0.087625	-3
0.087688	0
0.087750	1
0.087813	-2
0.087875	0
0.087938	-1
0.088000	-2
0.088063	0
0.088125	2
0.088188	4
0.088250	2
0.088313	1
0.088375	1
0.088438	1
0.088500	4
0.088563	-2
0.088625	-2
0.088688	5
0.088750	-1
0.088813	0
0.088875	3
0.088938	0
0.089000	-1
0.089063	0
0.089125	6
0.089188	1
0.089250	-2
0.089313	2
0.089375	2
0.089438	-1
0.089500	-3
0.089563	0
0.089625	0
0.089688	-4
0.089750	-1
0.089813	-1
0.089875	-2
0.089938	1
0.090000	-3
0.090063	-2
0.090125	-1
0.090188	-4
0.090250	-3
0.090313	-1
0.090375	-2
0.090438	-1
0.090500	0
0.090563	-1
0.090625	-2
0.090688	-2
0.090750	1
0.090813	1
0.090875	1
0.090938	3
0.091000	3
0.091063	2
0.091125	3
0.091188	2
0.091250	0
0.091313	3
0.091375	2
0.091438	-2
0.091500	3
0.091563	4
0.091625	-2
0.091688	0
0.091750	2
0.091813	1
0.091875	1
0.091938	5
0.092000	5
0.092063	-1
0.092125	1
0.092188	5
0.092250	8
0.092313	3
0.092375	1
0.092438	4
0.092500	4
0.092563	0
0.092625	-4
0.092688	0
0.092750	1
0.092813	0
0.092875	0
0.092938	-4
0.093000	-3
0.093063	-1
0.093125	1
0.093188	0
0.093250	-2
0.093313	-3
0.093375	0
0.093438	0
0.093500	-2
0.093563	0
0.093625	-2
0.093688	1
0.093750	2
0.093812	-5
0.093875	-1
0.093937	1
0.094000	-1
0.094062	-3
0.094125	-1
0.094187	2
0.094250	1
0.094312	-1
0.094375	1
0.094437	3
0.094500	-1
0.094562	1
0.094625	1
0.094687	-2
0.094750	0
0.094812	0
0.094875	-1
0.094937	3
0.095000	6
0.095062	1
0.095125	-2
0.095187	4
0.095250	4
0.095312	2
0.095375	3
0.095437	4
0.095500	3
0.095562	-1
0.095625	3
0.095687	4
0.095750	-2
0.095812	3
0.095875	7
0.095937	4
0.096000	10
0.096062	1
0.096125	2
0.096187	5
0.096250	4
0.096312	7
0.096375	-2
0.096437	7
0.096500	9
0.096562	2
0.096625	3
0.096687	6
0.096750	9
0.096812	0
0.096875	-1
0.096937	4
0.097000	2
0.097062	-1
0.097125	-1
0.097187	1
0.097250	2
0.097312	0
0.097375	6
0.097437	7
0.097500	1
0.097562	3
0.097625	4
0.097687	2
0.097750	2
0.097812	3
0.097875	5
0.097937	3
0.098000	1
0.098062	2
0.098125	3
0.098187	4
0.098250	5
0.098312	2
0.098375	0
0.098437	5
0.098500	3
0.098562	-1
0.098625	4
0.098687	5
0.098750	0
0.098812	-1
0.098875	2
0.098937	2
0.099000	0
0.099062	1
0.099125	3
0.099187	6
0.099250	1
0.099312	0
0.099375	4
0.099437	2
0.099500	5
0.099562	3
0.099625	-2
0.099687	3
0.099750	4
0.099812	-2
0.099875	1
0.099937	-1
0.100000	1
0.100062	2
0.100125	-2
0.100187	-1
0.100250	2
0.100312	2
0.100375	-2
0.100437	0
0.100500	2
0.100562	-4
0.100625	-2
0.100687	1
0.100750	-1
0.100812	-1
0.100875	-2
0.100937	3
0.101000	8
0.101062	1
0.101125	1
0.101187	5
0.101250	-1
0.101312	0
0.101375	0
0.101437	0
0.101500	5
0.101562	2
0.101625	4
0.101688	9
0.101750	5
0.101813	3
0.101875	5
0.101938	3
0.102000	2
0.102063	10
0.102125	2
0.102188	1
0.102250	4
0.102313	-1
0.102375	1
0.102438	2
0.102500	2
0.102563	-3
0.102625	-1
0.102688	-1
0.102750	-3
0.102813	2
0.102875	-1
0.102938	0
0.103000	2
0.103063	-1
0.103125	-1
0.103188	0
0.103250	3
0.103313	3
0.103375	-2
0.103438	1
0.103500	5
0.103563	0
0.103625	0
0.103688	0
0.103750	1
0.103813	-1
0.103875	-1
0.103938	10
0.104000	5
0.104063	-4
0.104125	3
0.104188	6
0.104250	5
0.104313	5
0.104375	0
0.104438	3
0.104500	6
0.104563	3
0.104625	4
0.104688	3
0.104750	5
0.104813	2
0.104875	1
0.104938	4
0.105000	2
0.105063	4
0.105125	2
0.105188	1
0.105250	3
0.105313	2
0.105375	0
0.105438	0
0.105500	1
0.105563	4
0.105625	4
0.105688	0
0.105750	3
0.105813	4
0.105875	1
0.105938	-1
0.106000	0
0.106063	3
0.106125	-2
0.106188	1
0.106250	3
0.106313	1
0.106375	5
0.106438	1
0.106500	0
0.106563	5
0.106625	1
0.106688	3
0.106750	5
0.106813	0
0.106875	3
0.106938	3
0.107000	0
0.107063	4
0.107125	1
0.107188	2
0.107250	6
0.107313	2
0.107375	-1
0.107438	-1
0.107500	-2
0.107563	1
0.107625	2
0.107688	-5
0.107750	0
0.107813	3
0.107875	0
0.107938	-1
0.108000	1
0.108063	4
0.108125	0
0.108188	3
0.108250	4
0.108313	2
0.108375	-1
0.108438	1
0.108500	5
0.108563	2
0.108625	4
0.108688	4
0.108750	4
0.108813	0
0.108875	2
0.108938	6
0.109000	3
0.109063	8
0.109125	4
0.109188	-3
0.109250	7
0.109313	7
0.109375	-1
0.109437	5
0.109500	5
0.109562	2
0.109625	1
0.109687	-2
0.109750	0
0.109812	1
0.109875	1
0.109937	0
0.110000	0
0.110062	0
0.110125	-1
0.110187	-1
0.110250	-3
0.110312	2
0.110375	1
0.110437	-2
0.110500	-4
0.110562	1
0.110625	0
0.110687	-4
0.110750	6
0.110812	4
0.110875	2
0.110937	4
0.111000	3
0.111062	5
0.111125	-1
0.111187	3
0.111250	9
0.111312	3
0.111375	2
0.111437	4
0.111500	5
0.111562	6
0.111625	2
0.111687	2
0.111750	3
0.111812	1
0.111875	0
0.111937	0
0.112000	7
0.112062	2
0.112125	-1
0.112187	6
0.112250	1
0.112312	-1
0.112375	6
0.112437	2
0.112500	2
0.112562	6
0.112625	4
0.112687	7
0.112750	6
0.112812	6
0.112875	4
0.112937	8
0.113000	4
0.113062	0
0.113125	3
0.113187	1
0.113250	8
0.113312	1
0.113375	2
0.113437	7
0.113500	-2
0.113562	0
0.113625	1
0.113687	-1
0.113750	1
0.113812	6
0.113875	1
0.113937	1
0.114000	1
0.114062	1
0.114125	1
0.114187	-2
0.114250	1
0.114312	2
0.114375	6
0.114437	8
0.114500	5
0.114562	8
0.114625	11
0.114687	9
0.114750	6
0.114812	10
0.114875	6
0.114937	0
0.115000	4
0.115062	6
0.115125	3
0.115187	3
0.115250	1
0.115312	2
0.115375	6
0.115437	-2
0.115500	0
0.115562	5
0.115625	3
0.115687	3
0.115750	-2
0.115812	1
0.115875	5
0.115937	2
0.116000	3
0.116062	3
0.116125	5
0.116187	5
0.116250	5
0.116312	2
0.116375	0
0.116437	7
0.116500	4
0.116562	5
0.116625	5
0.116687	2
0.116750	3
0.116812	5
0.116875	7
0.116937	2
0.117000	0
0.117062	2
0.117125	5
0.117188	0
0.117250	5
0.117313	9
0.117375	-2
0.117438	4
0.117500	4
0.117563	0
0.117625	2
0.117688	2
0.117750	4
0.117813	1
0.117875	-1
0.117938	1
0.118000	0
0.118063	1
0.118125	2
0.118188	0
0.118250	7
0.118313	10
0.118375	2
0.118438	3
0.118500	3
0.118563	0
0.118625	0
0.118688	1
0.118750	4
0.118813	4
0.118875	3
0.118938	-1
0.119000	4
0.119063	6
0.119125	3
0.119188	0
0.119250	0
0.119313	2
0.119375	0
0.119438	2
0.119500	5
0.119563	4
0.119625	1
0.119688	6
0.119750	5
0.119813	-2
0.119875	1
0.119938	0
0.120000	-2
0.120063	-1
0.120125	-1
0.120188	0
0.120250	-1
0.120313	4
0.120375	7
0.120438	3
0.120500	0
0.120563	4
0.120625	4
0.120688	-2
0.120750	2
0.120813	5
0.120875	3
0.120938	1
0.121000	2
0.121063	5
0.121125	3
0.121188	1
0.121250	3
0.121313	-1
0.121375	1
0.121438	0
0.121500	-7
0.121563	1
0.121625	0
0.121688	-1
0.121750	3
0.121813	1
0.121875	1
0.121938	0
0.122000	3
0.122063	0
0.122125	3
0.122188	3
0.122250	-2
0.122313	2
0.122375	-2
0.122438	-1
0.122500	4
0.122563	0
0.122625	2
0.122688	2
0.122750	-1
0.122813	0
0.122875	3
0.122938	4
0.123000	-2
0.123063	-1
0.123125	1
0.123188	3
0.123250	0
0.123313	1
0.123375	4
0.123438	-5
0.123500	2
0.123563	1
0.123625	1
0.123688	1
0.123750	-6
0.123813	1
0.123875	-1
0.123938	-5
0.124000	-2
0.124063	-2
0.124125	0
0.124188	1
0.124250	-2
0.124313	4
0.124375	8
0.124438	1
0.124500	0
0.124563	-2
0.124625	-1
0.124688	5
0.124750	2
0.124813	-2
0.124875	0
0.124938	3
0.125000	3
0.125062	3
0.125125	4
0.125188	3
0.125250	0
0.125312	2
0.125375	0
0.125438	0
0.125500	1
0.125562	5
0.125625	6
0.125688	-2
0.125750	0
0.125812	2
0.125875	2
0.125938	-2
0.126000	0
0.126062	3
0.126125	-1
0.126188	-2
0.126250	-1
0.126312	1
0.126375	-2
0.126438	-2
0.126500	-4
0.126562	4
0.126625	5
0.126688	-1
0.126750	4
0.126812	2
0.126875	3
0.126938	0
0.127000	-1
0.127062	-2
0.127125	-4
0.127188	-1
0.127250	-2
0.127312	-1
0.127375	-3
0.127438	0
0.127500	-1
0.127562	-2
0.127625	-2
0.127688	-2
0.127750	0
0.127812	0
0.127875	0
0.127938	-2
0.128000	1
0.128062	1
0.128125	-1
0.128188	6
0.128250	1
0.128312	2
0.128375	10
0.128438	4
0.128500	0
0.128562	1
0.128625	3
0.128688	4
0.128750	4
0.128812	2
0.128875	-1
0.128938	3
0.129000	3
0.129062	-3
0.129125	-1
0.129188	1
0.129250	2
0.129312	0
0.129375	3
0.129438	3
0.129500	8
0.129562	7
0.129625	0
0.129688	4
0.129750	3
0.129812	5
0.129875	2
0.129938	1
0.130000	7
0.130062	1
0.130125	0
0.130188	2
0.130250	7
0.130312	0
0.130375	1
0.130438	10
0.130500	3
0.130562	0
0.130625	4
0.130688	1
0.130750	-1
0.130812	2
0.130875	-1
0.130938	0
0.131000	3
0.131062	4
0.131125	4
0.131188	4
0.131250	1
0.131312	3
0.131375	4
0.131438	-2
0.131500	3
0.131562	0
0.131625	2
0.131688	5
0.131750	-2
0.131812	2
0.131875	7
0.131938	1
0.132000	0
0.132062	3
0.132125	-2
0.132188	0
0.132250	2
0.132312	-2
0.132375	3
0.132438	2
0.132500	-2
0.132562	-2
0.132625	3
0.132688	1
0.132750	-1
0.132812	1
0.132875	-3
0.132937	2
0.133000	1
0.133063	1
0.133125	5
0.133187	4
0.133250	4
0.133313	4
0.133375	6
0.133437	7
0.133500	7
0.133563	0
0.133625	0
0.133687	5
0.133750	1
0.133813	-4
0.133875	2
0.133937	8
0.134000	-1
0.134063	-1
0.134125	1
0.134187	2
0.134250	2
0.134313	-2
0.134375	-1
0.134437	0
0.134500	-1
0.134563	-2
0.134625	-2
0.134687	1
0.134750	-1
0.134813	-3
0.134875	1
0.134937	1
0.135000	-3
0.135063	-3
0.135125	1
0.135187	4
0.135250	0
0.135313	-1
0.135375	4
0.135437	3
0.135500	0
0.135563	-2
0.135625	1
0.135687	0
0.135750	-2
0.135813	-2
0.135875	-2
0.135937	-1
0.136000	-5
0.136063	-1
0.136125	1
0.136187	-1
0.136250	-2
0.136313	-2
0.136375	4
0.136437	-1
0.136500	-1
0.136563	-2
0.136625	-1
0.136687	-1
0.136750	-5
0.136813	2
0.136875	-1
0.136937	-1
0.137000	5
0.137063	0
0.137125	1
0.137187	3
0.137250	0
0.137313	-1
0.137375	-4
0.137437	0
0.137500	2
0.137563	-2
0.137625	-1
0.137687	0
0.137750	3
0.137813	2
0.137875	0
0.137937	1
0.138000	2
0.138063	1
0.138125	0
0.138187	3
0.138250	0
0.138313	1
0.138375	3
0.138437	5
0.138500	5
0.138563	3
0.138625	5
0.138687	0
0.138750	4
0.138813	2
0.138875	0
0.138937	2
0.139000	-3
0.139063	0
0.139125	0
0.139187	5
0.139250	3
0.139313	-3
0.139375	2
0.139437	2
0.139500	2
0.139563	0
0.139625	0
0.139687	-1
0.139750	-8
0.139813	-2
0.139875	-1
0.139937	-2
0.140000	0
0.140063	3
0.140125	6
0.140187	2
0.140250	1
0.140313	1
0.140375	-1
0.140437	1
0.140500	-2
0.140563	-3
0.140625	-3
0.140687	0
0.140750	3
0.140813	3
0.140875	-3
0.140937	4
0.141000	8
0.141063	-3
0.141125	2
0.141187	2
0.141250	2
0.141313	3
0.141375	-2
0.141437	5
0.141500	1
0.141563	-1
0.141625	8
0.141687	7
0.141750	8
0.141813	3
0.141875	-3
0.141937	-1
0.142000	0
0.142063	1
0.142125	1
0.142187	-1
0.142250	-2
0.142313	2
0.142375	2
0.142437	0
0.142500	-2
0.142563	-1
0.142625	3
0.142687	2
0.142750	-3
0.142813	3
0.142875	6
0.142937	-2
0.143000	8
0.143063	6
0.143125	-2
0.143187	2
0.143250	2
0.143313	1
0.143375	-2
0.143437	-1
0.143500	-1
0.143563	-1
0.143625	2
0.143687	1
0.143750	-1
0.143813	6
0.143875	2
0.143937	-2
0.144000	7
0.144063	2
0.144125	1
0.144187	2
0.144250	-1
0.144313	-2
0.144375	6
0.144437	3
0.144500	-2
0.144563	0
0.144625	-4
0.144687	-2
0.144750	3
0.144813	2
0.144875	-10
0.144937	0
0.145000	3
0.145063	-8
0.145125	2
0.145187	3
0.145250	7
0.145313	8
0.145375	14
0.145437	20
0.145500	8
0.145563	17
0.145625	9
0.145687	2
0.145750	5
0.145813	-2
0.145875	4
0.145937	-2
0.146000	-1
0.146063	1
0.146125	-3
0.146187	2
0.146250	-5
0.146313	-5
0.146375	-1
0.146437	1
0.146500	9
0.146563	12
0.146625	6
0.146687	7
0.146750	17
0.146813	13
0.146875	16
0.146937	9
0.147000	-3
0.147063	-2
0.147125	-4
0.147187	1
0.147250	-4
0.147313	-6
0.147375	1
0.147437	-4
0.147500	-2
0.147563	5
0.147625	4
0.147687	5
0.147750	-1
0.147813	6
0.147875	11
0.147937	5
0.148000	15
0.148063	7
0.148125	6
0.148187	21
0.148250	23
0.148313	19
0.148375	5
0.148438	-4
0.148500	6
0.148562	0
0.148625	-13
0.148688	2
0.148750	-5
0.148812	-10
0.148875	4
0.148938	4
0.149000	10
0.149062	20
0.149125	27
0.149188	9
0.149250	5
0.149312	16
0.149375	8
0.149438	16
0.149500	8
0.149562	-5
0.149625	2
0.149688	-1
0.149750	1
0.149812	-3
0.149875	-3
0.149938	-8
0.150000	-13
0.150062	-2
0.150125	-9
0.150188	-5
0.150250	1
0.150312	0
0.150375	5
0.150438	2
0.150500	13
0.150562	25
0.150625	30
0.150688	17
0.150750	15
0.150812	21
0.150875	15
0.150938	9
0.151000	6
0.151062	-8
0.151125	-19
0.151188	-5
0.151250	-21
0.151312	-22
0.151375	-21
0.151438	-31
0.151500	-11
0.151562	5
0.151625	22
0.151688	31
0.151750	23
0.151812	8
0.151875	16
0.151938	34
0.152000	16
0.152062	2
0.152125	12
0.152188	15
0.152250	32
0.152312	31
0.152375	2
0.152438	9
0.152500	3
0.152562	-15
0.152625	-24
0.152688	-37
0.152750	-38
0.152812	-28
0.152875	-21
0.152938	-14
0.153000	10
0.153062	17
0.153125	26
0.153188	48
0.153250	54
0.153312	62
0.153375	33
0.153438	-3
0.153500	2
0.153562	-8
0.153625	-14
0.153688	-25
0.153750	-45
0.153812	-41
0.153875	-18
0.153938	-3
0.154000	-2
0.154062	24
0.154125	17
0.154188	4
0.154250	28
0.154312	24
0.154375	22
0.154438	10
0.154500	-14
0.154562	-4
0.154625	-5
0.154688	21
0.154750	30
0.154812	3
0.154875	6
0.154938	-11
0.155000	10
0.155062	22
0.155125	0
0.155188	0
0.155250	-13
0.155312	-11
0.155375	-2
0.155438	17
0.155500	0
0.155562	-3
0.155625	-7
0.155688	-41
0.155750	2
0.155812	-1
0.155875	4
0.155938	20
0.156000	-12
0.156062	-2
0.156125	25
0.156188	60
0.156250	69
0.156312	54
0.156375	20
0.156438	15
0.156500	35
0.156562	26
0.156625	15
0.156688	-9
0.156750	-31
0.156812	-25
0.156875	-13
0.156938	-5
0.157000	-6
0.157062	-27
0.157125	-8
0.157188	7
0.157250	-14
0.157312	3
0.157375	-10
0.157438	-20
0.157500	-2
0.157562	-11
0.157625	10
0.157688	18
0.157750	18
0.157812	21
0.157875	1
0.157938	4
0.158000	-30
0.158062	-28
0.158125	58
0.158188	58
0.158250	68
0.158312	76
0.158375	47
0.158438	183
0.158500	153
0.158562	36
0.158625	61
0.158688	-66
0.158750	-43
0.158812	4
0.158875	-96
0.158938	-88
0.159000	-133
0.159062	-94
0.159125	-16
0.159188	5
0.159250	56
0.159312	30
0.159375	39
0.159438	75
0.159500	66
0.159562	79
0.159625	40
0.159688	-1
0.159750	85
0.159812	45
0.159875	-34
0.159938	19
0.160000	-52
0.160062	-31
0.160125	55
0.160188	-1
0.160250	11
0.160312	-1
0.160375	-27
0.160438	51
0.160500	114
0.160562	150
0.160625	179
0.160688	141
0.160750	133
0.160812	129
0.160875	101
0.160938	41
0.161000	-123
0.161062	-81
0.161125	-149
0.161188	-195
0.161250	-24
0.161312	-180
0.161375	-116
0.161438	11
0.161500	-42
0.161562	123
0.161625	90
0.161688	22
0.161750	72
0.161812	-2
0.161875	0
0.161938	8
0.162000	-19
0.162062	17
0.162125	64
0.162188	91
0.162250	20
0.162312	24
0.162375	-19
0.162438	-163
0.162500	-164
0.162562	-193
0.162625	-244
0.162688	-157
0.162750	-67
0.162812	-60
0.162875	69
0.162938	151
0.163000	103
0.163062	180
0.163125	121
0.163188	7
0.163250	-7
0.163312	-106
0.163375	-157
0.163438	-115
0.163500	-153
0.163562	-186
0.163625	-70
0.163688	2
0.163750	-41
0.163812	-82
0.163875	-28
0.163938	-117
0.164000	-157
0.164062	-56
0.164125	-168
0.164187	-56
0.164250	76
0.164313	4
0.164375	97
0.164437	159
0.164500	134
0.164563	11
0.164625	-65
0.164687	-54
0.164750	-270
0.164813	-282
0.164875	-188
0.164937	-187
0.165000	-60
0.165063	-88
0.165125	-7
0.165187	33
0.165250	75
0.165313	158
0.165375	-42
0.165437	-20
0.165500	-64
0.165563	-101
0.165625	26
0.165687	-45
0.165750	33
0.165813	33
0.165875	10
0.165937	114
0.166000	110
0.166063	111
0.166125	59
0.166187	10
0.166250	-15
0.166313	-18
0.166375	-11
0.166437	-31
0.166500	-28
0.166563	-30
0.166625	10
0.166687	4
0.166750	51
0.166813	145
0.166875	57
0.166937	98
0.167000	156
0.167063	123
0.167125	202
0.167187	192
0.167250	172
0.167313	180
0.167375	204
0.167437	203
0.167500	163
0.167563	182
0.167625	141
0.167687	74
0.167750	115
0.167813	121
0.167875	55
0.167937	109
0.168000	63
0.168063	72
0.168125	150
0.168187	71
0.168250	145
0.168313	123
0.168375	86
0.168437	175
0.168500	99
0.168563	130
0.168625	123
0.168687	44
0.168750	74
0.168813	20
0.168875	24
0.168937	6
0.169000	-17
0.169063	45
0.169125	2
0.169187	47
0.169250	57
0.169313	-39
0.169375	3
0.169437	-45
0.169500	-131
0.169563	-130
0.169625	-149
0.169687	-127
0.169750	-159
0.169813	-73
0.169875	110
0.169937	-54
0.170000	-4
0.170063	114
0.170125	-291
0.170187	-186
0.170250	-173
0.170313	-443
0.170375	-219
0.170437	-325
0.170500	-262
0.170563	-183
0.170625	-85
0.170687	283
0.170750	23
0.170813	-63
0.170875	-89
0.170937	-205
0.171000	-139
0.171063	-237
0.171125	-289
0.171187	-464
0.171250	-327
0.171313	-259
0.171375	-167
0.171437	39
0.171500	-198
0.171563	-95
0.171625	-158
0.171687	-152
0.171750	17
0.171813	-257
0.171875	-274
0.171937	-143
0.172000	-153
0.172063	-139
0.172125	73
0.172187	15
0.172250	-47
0.172313	173
0.172375	-20
0.172437	-26
0.172500	13
0.172563	-207
0.172625	-194
0.172687	-294
0.172750	-242
0.172813	-191
0.172875	-199
0.172937	-28
0.173000	-85
0.173063	22
0.173125	136
0.173187	85
0.173250	159
0.173313	131
0.173375	124
0.173437	134
0.173500	130
0.173563	186
0.173625	224
0.173687	242
0.173750	372
0.173813	534
0.173875	511
0.173937	589
0.174000	570
0.174063	489
0.174125	514
0.174187	390
0.174250	325
0.174313	202
0.174375	147
0.174437	168
0.174500	109
0.174563	204
0.174625	240
0.174687	180
0.174750	253
0.174813	282
0.174875	246
0.174937	284
0.175000	269
0.175063	239
0.175125	273
0.175187	283
0.175250	293
0.175313	293
0.175375	281
0.175437	262
0.175500	151
0.175563	135
0.175625	98
0.175687	-43
0.175750	-58
0.175813	-106
0.175875	-152
0.175937	-114
0.176000	-73
0.176063	-37
0.176125	0
0.176187	-10
0.176250	26
0.176313	39
0.176375	-62
0.176437	-2
0.176500	-68
0.176563	-190
0.176625	-116
0.176687	-168
0.176750	-185
0.176813	-153
0.176875	-151
0.176937	-197
0.177000	-145
0.177063	-132
0.177125	-306
0.177187	-246
0.177250	-292
0.177313	-333
0.177375	-366
0.177437	-459
0.177500	-328
0.177563	-432
0.177625	-418
0.177687	-312
0.177750	-357
0.177813	-235
0.177875	-391
0.177937	-311
0.178000	-203
0.178063	-546
0.178125	-212
0.178187	-374
0.178250	-735
0.178313	-303
0.178375	-588
0.178437	-633
0.178500	-284
0.178563	-520
0.178625	-608
0.178687	-441
0.178750	-492
0.178813	-562
0.178875	-476
0.178937	-713
0.179000	-822
0.179063	-718
0.179125	-642
0.179187	-317
0.179250	35
0.179313	392
0.179375	625
0.179437	870
0.179500	949
0.179563	1084
0.179625	1507
0.179688	1437
0.179750	1279
0.179812	979
0.179875	468
0.179938	355
0.180000	326
0.180062	114
0.180125	-259
0.180188	-557
0.180250	-698
0.180312	-611
0.180375	-293
0.180438	-213
0.180500	-293
0.180562	-237
0.180625	-7
0.180688	315
0.180750	608
0.180812	777
0.180875	711
0.180938	755
0.181000	893
0.181062	931
0.181125	918
0.181188	757
0.181250	497
0.181312	243
0.181375	94
0.181438	-14
0.181500	-157
0.181562	-335
0.181625	-465
0.181688	-510
0.181750	-478
0.181812	-280
0.181875	-101
0.181938	-17
0.182000	299
0.182062	670
0.182125	887
0.182188	1192
0.182250	1279
0.182312	1022
0.182375	882
0.182438	646
0.182500	278
0.182562	40
0.182625	-316
0.182688	-533
0.182750	-606
0.182812	-539
0.182875	-328
0.182938	-309
0.183000	-90
0.183062	51
0.183125	68
0.183188	319
0.183250	333
0.183312	343
0.183375	428
0.183438	333
0.183500	368
0.183562	391
0.183625	260
0.183688	212
0.183750	54
0.183812	-184
0.183875	-251
0.183938	-394
0.184000	-514
0.184062	-496
0.184125	-479
0.184188	-404
0.184250	-254
0.184312	-42
0.184375	83
0.184438	140
0.184500	241
0.184562	202
0.184625	37
0.184688	62
0.184750	-63
0.184812	-443
0.184875	-447
0.184938	-552
0.185000	-851
0.185062	-656
0.185125	-588
0.185188	-652
0.185250	-524
0.185312	-619
0.185375	-414
0.185438	-216
0.185500	-439
0.185562	-373
0.185625	-552
0.185688	-669
0.185750	-615
0.185812	-650
0.185875	-271
0.185938	-693
0.186000	-689
0.186062	-259
0.186125	-662
0.186188	-323
0.186250	-390
0.186312	-774
0.186375	-798
0.186438	-1068
0.186500	-1008
0.186562	-1086
0.186625	-804
0.186688	-375
0.186750	-107
0.186812	584
0.186875	856
0.186938	1077
0.187000	1465
0.187062	1513
0.187125	1490
0.187188	1371
0.187250	954
0.187312	595
0.187375	473
0.187438	185
0.187500	66
0.187562	14
0.187625	-307
0.187688	-309
0.187750	-182
0.187812	-246
0.187875	-244
0.187938	-200
0.188000	-239
0.188062	-217
0.188125	64
0.188188	243
0.188250	347
0.188312	637
0.188375	787
0.188438	844
0.188500	1038
0.188562	1043
0.188625	812
0.188688	724
0.188750	514
0.188812	193
0.188875	72
0.188938	-39
0.189000	-243
0.189062	-269
0.189125	-238
0.189188	-275
0.189250	-85
0.189312	71
0.189375	401
0.189438	681
0.189500	656
0.189562	867
0.189625	846
0.189688	716
0.189750	698
0.189812	473
0.189875	242
0.189938	9
0.190000	-74
0.190062	-124
0.190125	-174
0.190188	-112
0.190250	-109
0.190312	-89
0.190375	-12
0.190438	85
0.190500	96
0.190562	168
0.190625	194
0.190688	202
0.190750	339
0.190812	347
0.190875	364
0.190938	370
0.191000	258
0.191062	153
0.191125	44
0.191188	-175
0.191250	-279
0.191312	-355
0.191375	-496
0.191438	-402
0.191500	-346
0.191562	-238
0.191625	-91
0.191688	-37
0.191750	112
0.191812	97
0.191875	91
0.191938	81
0.192000	-82
0.192062	-93
0.192125	-198
0.192188	-341
0.192250	-284
0.192312	-379
0.192375	-505
0.192438	-492
0.192500	-544
0.192562	-544
0.192625	-457
0.192688	-478
0.192750	-587
0.192812	-527
0.192875	-586
0.192938	-701
0.193000	-591
0.193062	-706
0.193125	-689
0.193188	-640
0.193250	-606
0.193312	-457
0.193375	-663
0.193438	-641
0.193500	-535
0.193562	-672
0.193625	-729
0.193688	-606
0.193750	-704
0.193812	-936
0.193875	-758
0.193938	-881
0.194000	-982
0.194062	-1010
0.194125	-1290
0.194188	-1267
0.194250	-1001
0.194312	-311
0.194375	352
0.194438	951
0.194500	1432
0.194562	1735
0.194625	2271
0.194688	2455
0.194750	2414
0.194812	1943
0.194875	1187
0.194938	691
0.195000	192
0.195062	-167
0.195125	-462
0.195188	-748
0.195250	-937
0.195312	-837
0.195375	-558
0.195437	-362
0.195500	-214
0.195563	-121
0.195625	-22
0.195687	124
0.195750	413
0.195813	620
0.195875	732
0.195937	952
0.196000	1091
0.196063	1200
0.196125	1345
0.196187	1307
0.196250	1056
0.196313	757
0.196375	418
0.196437	61
0.196500	-196
0.196563	-438
0.196625	-637
0.196687	-729
0.196750	-682
0.196813	-420
0.196875	-39
0.196937	472
0.197000	834
0.197063	886
0.197125	994
0.197187	951
0.197250	804
0.197313	718
0.197375	444
0.197437	197
0.197500	-45
0.197563	-102
0.197625	-12
0.197687	-47
0.197750	42
0.197813	-48
0.197875	-134
0.197937	-13
0.198000	-13
0.198063	68
0.198125	133
0.198187	114
0.198250	261
0.198313	396
0.198375	502
0.198437	609
0.198500	450
0.198563	283
0.198625	180
0.198687	-48
0.198750	-179
0.198813	-337
0.198875	-494
0.198937	-517
0.199000	-491
0.199063	-306
0.199125	-134
0.199187	-63
0.199250	34
0.199313	61
0.199375	99
0.199437	147
0.199500	45
0.199563	5
0.199625	-98
0.199687	-299
0.199750	-229
0.199813	-267
0.199875	-416
0.199937	-416
0.200000	-527
0.200063	-612
0.200125	-553
0.200187	-552
0.200250	-578
0.200313	-584
0.200375	-619
0.200437	-550
0.200500	-529
0.200563	-403
0.200625	-397
0.200687	-500
0.200750	-362
0.200813	-654
0.200875	-871
0.200937	-695
0.201000	-995
0.201063	-1144
0.201125	-826
0.201187	-1018
0.201250	-879
0.201313	-557
0.201375	-865
0.201437	-659
0.201500	-697
0.201563	-906
0.201625	-742
0.201687	-1076
0.201750	-1221
0.201813	-1426
0.201875	-1391
0.201937	-792
0.202000	-216
0.202063	992
0.202125	1707
0.202187	2061
0.202250	2755
0.202313	2730
0.202375	2803
0.202437	2700
0.202500	1723
0.202563	771
0.202625	45
0.202687	-579
0.202750	-923
0.202813	-905
0.202875	-1021
0.202937	-1076
0.203000	-781
0.203063	-420
0.203125	-87
0.203187	205
0.203250	329
0.203313	136
0.203375	337
0.203437	583
0.203500	638
0.203563	1053
0.203625	1132
0.203687	1141
0.203750	1395
0.203813	1390
0.203875	1283
0.203937	1015
0.204000	534
0.204063	20
0.204125	-365
0.204187	-600
0.204250	-861
0.204313	-927
0.204375	-835
0.204437	-658
0.204500	-235
0.204563	460
0.204625	967
0.204687	1168
0.204750	1317
0.204813	1069
0.204875	993
0.204937	942
0.205000	546
0.205063	411
0.205125	85
0.205187	-192
0.205250	-40
0.205313	30
0.205375	34
0.205437	28
0.205500	-72
0.205563	-163
0.205625	-46
0.205687	64
0.205750	116
0.205813	219
0.205875	293
0.205937	430
0.206000	597
0.206063	729
0.206125	620
0.206187	408
0.206250	181
0.206313	-128
0.206375	-319
0.206437	-504
0.206500	-654
0.206563	-685
0.206625	-654
0.206687	-476
0.206750	-216
0.206813	-1
0.206875	173
0.206937	202
0.207000	210
0.207063	209
0.207125	110
0.207187	46
0.207250	-135
0.207313	-320
0.207375	-447
0.207437	-527
0.207500	-522
0.207563	-583
0.207625	-628
0.207687	-744
0.207750	-709
0.207813	-637
0.207875	-594
0.207937	-399
0.208000	-527
0.208063	-447
0.208125	-309
0.208187	-497
0.208250	-397
0.208313	-453
0.208375	-621
0.208437	-711
0.208500	-883
0.208563	-932
0.208625	-1092
0.208687	-1127
0.208750	-1025
0.208813	-1116
0.208875	-1036
0.208937	-927
0.209000	-1013
0.209063	-756
0.209125	-589
0.209187	-878
0.209250	-712
0.209313	-885
0.209375	-1451
0.209437	-1482
0.209500	-1459
0.209563	-928
0.209625	194
0.209687	1276
0.209750	2030
0.209813	2514
0.209875	2912
0.209937	3141
0.210000	3340
0.210063	2902
0.210125	1630
0.210187	466
0.210250	-411
0.210313	-1004
0.210375	-1053
0.210437	-1151
0.210500	-1445
0.210563	-1239
0.210625	-816
0.210687	-345
0.210750	310
0.210813	505
0.210875	299
0.210938	340
0.211000	458
0.211062	612
0.211125	911
0.211188	1025
0.211250	1049
0.211312	1199
0.211375	1449
0.211438	1515
0.211500	1361
0.211562	1079
0.211625	458
0.211688	-88
0.211750	-397
0.211812	-797
0.211875	-1009
0.211938	-1034
0.212000	-1046
0.212062	-733
0.212125	-262
0.212188	351
0.212250	1087
0.212312	1508
0.212375	1652
0.212438	1504
0.212500	1418
0.212562	1240
0.212625	759
0.212688	469
0.212750	-61
0.212812	-449
0.212875	-474
0.212938	-478
0.213000	-269
0.213062	-239
0.213125	-190
0.213188	-57
0.213250	96
0.213312	286
0.213375	370
0.213438	506
0.213500	481
0.213562	503
0.213625	643
0.213688	638
0.213750	525
0.213812	295
0.213875	15
0.213938	-271
0.214000	-471
0.214062	-668
0.214125	-831
0.214188	-805
0.214250	-783
0.214312	-580
0.214375	-240
0.214438	-2
0.214500	271
0.214562	345
0.214625	342
0.214688	391
0.214750	251
0.214812	53
0.214875	-83
0.214938	-288
0.215000	-520
0.215062	-563
0.215125	-592
0.215188	-663
0.215250	-671
0.215312	-692
0.215375	-650
0.215438	-668
0.215500	-553
0.215562	-441
0.215625	-517
0.215688	-206
0.215750	-231
0.215812	-346
0.215875	-278
0.215938	-456
0.216000	-404
0.216062	-695
0.216125	-841
0.216188	-1026
0.216250	-1270
0.216312	-1103
0.216375	-1322
0.216438	-985
0.216500	-863
0.216562	-1210
0.216625	-762
0.216688	-791
0.216750	-889
0.216812	-609
0.216875	-934
0.216938	-979
0.217000	-1022
0.217062	-1325
0.217125	-1357
0.217188	-1361
0.217250	-725
0.217312	114
0.217375	1136
0.217438	2178
0.217500	2497
0.217562	2960
0.217625	3223
0.217688	3131
0.217750	2798
0.217812	1808
0.217875	632
0.217938	-258
0.218000	-840
0.218062	-1177
0.218125	-1235
0.218188	-1374
0.218250	-1325
0.218312	-915
0.218375	-392
0.218438	137
0.218500	331
0.218562	458
0.218625	470
0.218688	497
0.218750	824
0.218812	938
0.218875	1047
0.218938	1216
0.219000	1232
0.219062	1391
0.219125	1479
0.219188	1323
0.219250	981
0.219312	526
0.219375	5
0.219438	-423
0.219500	-684
0.219562	-974
0.219625	-1035
0.219688	-920
0.219750	-756
0.219812	-261
0.219875	384
0.219938	925
0.220000	1412
0.220062	1612
0.220125	1468
0.220188	1421
0.220250	1251
0.220312	770
0.220375	462
0.220438	22
0.220500	-448
0.220562	-456
0.220625	-431
0.220688	-313
0.220750	-206
0.220812	-166
0.220875	-1
0.220938	119
0.221000	326
0.221062	414
0.221125	482
0.221188	521
0.221250	447
0.221312	566
0.221375	513
0.221438	369
0.221500	287
0.221562	-50
0.221625	-318
0.221688	-398
0.221750	-635
0.221812	-739
0.221875	-663
0.221938	-675
0.222000	-483
0.222062	-208
0.222125	43
0.222188	222
0.222250	271
0.222312	363
0.222375	229
0.222438	114
0.222500	44
0.222562	-226
0.222625	-374
0.222688	-541
0.222750	-672
0.222812	-671
0.222875	-660
0.222938	-604
0.223000	-621
0.223062	-534
0.223125	-525
0.223188	-542
0.223250	-344
0.223312	-321
0.223375	-315
0.223438	-294
0.223500	-304
0.223562	-433
0.223625	-585
0.223688	-566
0.223750	-814
0.223812	-990
0.223875	-1072
0.223938	-1257
0.224000	-1385
0.224062	-1308
0.224125	-1079
0.224188	-1184
0.224250	-994
0.224312	-674
0.224375	-634
0.224438	-346
0.224500	-339
0.224562	-536
0.224625	-624
0.224688	-902
0.224750	-1182
0.224812	-1527
0.224875	-1972
0.224938	-1568
0.225000	-511
0.225062	265
0.225125	1504
0.225188	2450
0.225250	2600
0.225312	3358
0.225375	3759
0.225438	3265
0.225500	2586
0.225562	1457
0.225625	248
0.225688	-537
0.225750	-908
0.225812	-1240
0.225875	-1487
0.225938	-1336
0.226000	-1166
0.226062	-725
0.226125	-26
0.226188	233
0.226250	327
0.226312	409
0.226375	380
0.226438	560
0.226500	726
0.226562	826
0.226625	1068
0.226687	1201
0.226750	1316
0.226813	1535
0.226875	1573
0.226937	1328
0.227000	943
0.227063	449
0.227125	-141
0.227187	-568
0.227250	-783
0.227313	-1077
0.227375	-1121
0.227437	-845
0.227500	-612
0.227563	-113
0.227625	492
0.227687	843
0.227750	1254
0.227813	1724
0.227875	1540
0.227937	1354
0.228000	1425
0.228063	695
0.228125	354
0.228187	253
0.228250	-355
0.228313	-396
0.228375	-449
0.228437	-508
0.228500	-304
0.228563	-270
0.228625	-33
0.228687	157
0.228750	203
0.228813	375
0.228875	475
0.228937	541
0.229000	591
0.229063	551
0.229125	543
0.229187	353
0.229250	146
0.229313	34
0.229375	-347
0.229437	-506
0.229500	-586
0.229563	-857
0.229625	-730
0.229687	-556
0.229750	-504
0.229813	-178
0.229875	14
0.229937	122
0.230000	316
0.230063	293
0.230125	259
0.230187	162
0.230250	-7
0.230313	-182
0.230375	-359
0.230437	-444
0.230500	-631
0.230563	-664
0.230625	-632
0.230687	-780
0.230750	-661
0.230813	-518
0.230875	-661
0.230937	-493
0.231000	-237
0.231063	-386
0.231125	-241
0.231187	-245
0.231250	-484
0.231313	-222
0.231375	-481
0.231437	-583
0.231500	-471
0.231563	-882
0.231625	-930
0.231687	-1062
0.231750	-1090
0.231813	-1206
0.231875	-1324
0.231937	-977
0.232000	-1038
0.232063	-1025
0.232125	-559
0.232187	-647
0.232250	-1003
0.232313	-662
0.232375	-876
0.232437	-1283
0.232500	-1111
0.232563	-1596
0.232625	-2038
0.232687	-1460
0.232750	-404
0.232813	468
0.232875	1634
0.232937	2399
0.233000	2580
0.233063	3459
0.233125	3804
0.233187	3406
0.233250	2799
0.233313	1544
0.233375	291
0.233437	-311
0.233500	-773
0.233563	-1365
0.233625	-1408
0.233687	-1560
0.233750	-1555
0.233813	-762
0.233875	-271
0.233937	-1
0.234000	314
0.234063	393
0.234125	393
0.234187	707
0.234250	1040
0.234313	984
0.234375	1201
0.234437	1488
0.234500	1346
0.234563	1533
0.234625	1698
0.234687	1211
0.234750	854
0.234813	469
0.234875	-318
0.234937	-614
0.235000	-716
0.235063	-1179
0.235125	-1116
0.235187	-857
0.235250	-791
0.235313	-125
0.235375	381
0.235437	569
0.235500	1070
0.235563	1164
0.235625	1246
0.235687	1539
0.235750	1512
0.235813	1196
0.235875	864
0.235937	666
0.236000	88
0.236063	-76
0.236125	-19
0.236187	-578
0.236250	-588
0.236313	-479
0.236375	-577
0.236437	-123
0.236500	155
0.236563	193
0.236625	458
0.236687	596
0.236750	598
0.236813	725
0.236875	704
0.236937	438
0.237000	258
0.237063	68
0.237125	-217
0.237187	-365
0.237250	-417
0.237313	-692
0.237375	-722
0.237437	-572
0.237500	-646
0.237563	-325
0.237625	-67
0.237687	-61
0.237750	133
0.237813	259
0.237875	316
0.237937	307
0.238000	275
0.238063	87
0.238125	-151
0.238187	-272
0.238250	-478
0.238313	-565
0.238375	-657
0.238437	-764
0.238500	-859
0.238563	-820
0.238625	-635
0.238687	-663
0.238750	-489
0.238813	-413
0.238875	-371
0.238937	-231
0.239000	-314
0.239063	-227
0.239125	-206
0.239187	-416
0.239250	-607
0.239313	-615
0.239375	-958
0.239437	-1358
0.239500	-1343
0.239563	-1464
0.239625	-1651
0.239687	-1487
0.239750	-1134
0.239813	-1116
0.239875	-648
0.239937	-383
0.240000	-591
0.240063	-369
0.240125	-817
0.240187	-1070
0.240250	-1255
0.240313	-1877
0.240375	-2207
0.240437	-1913
0.240500	-556
0.240563	418
0.240625	1777
0.240687	2990
0.240750	3173
0.240813	4083
0.240875	4368
0.240937	3718
0.241000	2839
0.241063	1388
0.241125	-108
0.241187	-967
0.241250	-1400
0.241313	-1932
0.241375	-1959
0.241437	-1717
0.241500	-1399
0.241563	-625
0.241625	66
0.241687	426
0.241750	576
0.241813	728
0.241875	660
0.241937	668
0.242000	949
0.242063	891
0.242125	1069
0.242188	1419
0.242250	1434
0.242312	1608
0.242375	1671
0.242438	1346
0.242500	931
0.242562	353
0.242625	-327
0.242688	-905
0.242750	-1178
0.242812	-1360
0.242875	-1496
0.242938	-1065
0.243000	-689
0.243062	-363
0.243125	512
0.243188	936
0.243250	1034
0.243312	1450
0.243375	1329
0.243438	1164
0.243500	1238
0.243562	985
0.243625	1015
0.243688	641
0.243750	202
0.243812	312
0.243875	-183
0.243938	-309
0.244000	-174
0.244062	-537
0.244125	-471
0.244188	-305
0.244250	-168
0.244312	95
0.244375	344
0.244438	574
0.244500	598
0.244562	615
0.244625	650
0.244688	465
0.244750	320
0.244812	225
0.244875	-169
0.244938	-330
0.245000	-377
0.245062	-577
0.245125	-468
0.245188	-505
0.245250	-487
0.245312	-266
0.245375	-186
0.245438	24
0.245500	175
0.245562	264
0.245625	277
0.245688	245
0.245750	233
0.245812	24
0.245875	-117
0.245938	-320
0.246000	-598
0.246062	-707
0.246125	-780
0.246188	-812
0.246250	-688
0.246312	-586
0.246375	-653
0.246438	-393
0.246500	-286
0.246562	-349
0.246625	-168
0.246688	-341
0.246750	-393
0.246812	-426
0.246875	-535
0.246938	-529
0.247000	-786
0.247062	-853
0.247125	-897
0.247188	-1157
0.247250	-1177
0.247312	-1119
0.247375	-1337
0.247438	-1470
0.247500	-1120
0.247562	-1093
0.247625	-1215
0.247688	-620
0.247750	-791
0.247812	-999
0.247875	-432
0.247938	-1077
0.248000	-1249
0.248062	-1373
0.248125	-2124
0.248188	-712
0.248250	250
0.248312	982
0.248375	2574
0.248438	2440
0.248500	3008
0.248562	3979
0.248625	3647
0.248688	3218
0.248750	1977
0.248812	512
0.248875	-438
0.248938	-1106
0.249000	-1395
0.249062	-1811
0.249125	-1843
0.249188	-1492
0.249250	-1173
0.249312	-322
0.249375	354
0.249438	503
0.249500	847
0.249562	807
0.249625	665
0.249688	969
0.249750	892
0.249812	1019
0.249875	1222
0.249938	1103
0.250000	1319
0.250063	1318
0.250125	1272
0.250188	1128
0.250250	532
0.250312	94
0.250375	-499
0.250437	-924
0.250500	-1000
0.250563	-1252
0.250625	-1125
0.250688	-832
0.250750	-620
0.250812	29
0.250875	615
0.250937	800
0.251000	1166
0.251063	1320
0.251125	1256
0.251188	1487
0.251250	1377
0.251312	977
0.251375	696
0.251437	387
0.251500	28
0.251563	-146
0.251625	-207
0.251688	-466
0.251750	-517
0.251812	-342
0.251875	-274
0.251937	-6
0.252000	293
0.252063	349
0.252125	469
0.252188	670
0.252250	572
0.252312	501
0.252375	558
0.252437	228
0.252500	43
0.252563	10
0.252625	-277
0.252688	-362
0.252750	-371
0.252812	-540
0.252875	-500
0.252937	-364
0.253000	-358
0.253063	-147
0.253125	77
0.253188	100
0.253250	228
0.253312	327
0.253375	256
0.253437	226
0.253500	132
0.253563	-129
0.253625	-323
0.253688	-507
0.253750	-678
0.253812	-723
0.253875	-754
0.253937	-712
0.254000	-711
0.254063	-615
0.254125	-426
0.254188	-430
0.254250	-320
0.254312	-344
0.254375	-381
0.254437	-313
0.254500	-455
0.254563	-507
0.254625	-644
0.254688	-753
0.254750	-1007
0.254812	-1159
0.254875	-1148
0.254937	-1392
0.255000	-1304
0.255063	-1288
0.255125	-1149
0.255188	-879
0.255250	-891
0.255312	-683
0.255375	-651
0.255437	-795
0.255500	-927
0.255563	-1299
0.255625	-1537
0.255688	-2003
0.255750	-1822
0.255812	-444
0.255875	180
0.255937	1366
0.256000	2543
0.256063	2483
0.256125	3646
0.256188	4048
0.256250	3358
0.256312	2960
0.256375	1512
0.256437	206
0.256500	-497
0.256563	-1178
0.256625	-1660
0.256688	-1832
0.256750	-1687
0.256812	-1441
0.256875	-802
0.256937	-89
0.257000	246
0.257063	575
0.257125	842
0.257188	643
0.257250	680
0.257312	906
0.257375	733
0.257437	1016
0.257500	1256
0.257563	1079
0.257625	1364
0.257688	1408
0.257750	1182
0.257812	1065
0.257875	541
0.257937	-117
0.258000	-596
0.258062	-948
0.258125	-1181
0.258188	-1235
0.258250	-1130
0.258313	-939
0.258375	-537
0.258437	171
0.258500	614
0.258562	891
0.258625	1242
0.258688	1257
0.258750	1254
0.258813	1282
0.258875	1281
0.258937	1015
0.259000	671
0.259062	550
0.259125	225
0.259188	-24
0.259250	-129
0.259313	-317
0.259375	-563
0.259437	-539
0.259500	-387
0.259562	-356
0.259625	39
0.259688	305
0.259750	448
0.259813	762
0.259875	789
0.259937	814
0.260000	716
0.260062	482
0.260125	268
0.260188	-74
0.260250	-310
0.260313	-476
0.260375	-559
0.260437	-582
0.260500	-589
0.260562	-447
0.260625	-312
0.260688	-175
0.260750	81
0.260813	238
0.260875	287
0.260937	373
0.261000	410
0.261062	315
0.261125	173
0.261188	71
0.261250	-238
0.261313	-525
0.261375	-619
0.261437	-887
0.261500	-916
0.261562	-873
0.261625	-914
0.261688	-656
0.261750	-576
0.261813	-393
0.261875	-197
0.261937	-246
0.262000	-110
0.262062	-312
0.262125	-404
0.262188	-413
0.262250	-813
0.262313	-731
0.262375	-1020
0.262437	-1255
0.262500	-892
0.262562	-1398
0.262625	-1178
0.262688	-822
0.262750	-1500
0.262813	-771
0.262875	-735
0.262937	-1289
0.263000	-586
0.263062	-1140
0.263125	-1449
0.263188	-1262
0.263250	-1890
0.263313	-2124
0.263375	-991
0.263437	232
0.263500	627
0.263562	2425
0.263625	2775
0.263688	2631
0.263750	4321
0.263813	3757
0.263875	2913
0.263937	2429
0.264000	707
0.264062	-425
0.264125	-783
0.264188	-1453
0.264250	-2111
0.264313	-1662
0.264375	-1655
0.264437	-1413
0.264500	-267
0.264562	-15
0.264625	287
0.264688	840
0.264750	809
0.264813	652
0.264875	944
0.264937	918
0.265000	792
0.265062	1328
0.265125	1272
0.265188	1138
0.265250	1495
0.265313	1317
0.265375	1041
0.265437	851
0.265500	245
0.265562	-493
0.265625	-847
0.265688	-1062
0.265750	-1432
0.265813	-1251
0.265875	-994
0.265937	-954
0.266000	-249
0.266062	372
0.266125	582
0.266188	1027
0.266250	1235
0.266313	1160
0.266375	1278
0.266437	1250
0.266500	1026
0.266562	886
0.266625	704
0.266688	539
0.266750	316
0.266813	136
0.266875	41
0.266937	-359
0.267000	-429
0.267062	-380
0.267125	-620
0.267188	-328
0.267250	-79
0.267313	37
0.267375	509
0.267437	715
0.267500	756
0.267562	917
0.267625	856
0.267688	553
0.267750	357
0.267813	55
0.267875	-391
0.267937	-465
0.268000	-510
0.268062	-645
0.268125	-462
0.268188	-299
0.268250	-267
0.268313	-1
0.268375	236
0.268437	192
0.268500	326
0.268562	388
0.268625	197
0.268688	228
0.268750	197
0.268813	-69
0.268875	-213
0.268937	-294
0.269000	-574
0.269062	-674
0.269125	-655
0.269188	-858
0.269250	-804
0.269313	-628
0.269375	-684
0.269437	-528
0.269500	-229
0.269562	-294
0.269625	-294
0.269688	-11
0.269750	-331
0.269813	-364
0.269875	-123
0.269937	-993
0.270000	-843
0.270062	-633
0.270125	-1521
0.270188	-1055
0.270250	-1090
0.270313	-1614
0.270375	-1091
0.270437	-1141
0.270500	-1248
0.270562	-974
0.270625	-894
0.270688	-1014
0.270750	-1140
0.270813	-1092
0.270875	-1455
0.270937	-1894
0.271000	-1347
0.271062	-318
0.271125	324
0.271188	1610
0.271250	2429
0.271313	2405
0.271375	3540
0.271437	3819
0.271500	3237
0.271562	2863
0.271625	1382
0.271688	130
0.271750	-426
0.271813	-1153
0.271875	-1775
0.271937	-1867
0.272000	-1723
0.272062	-1624
0.272125	-815
0.272188	-128
0.272250	47
0.272313	708
0.272375	940
0.272437	684
0.272500	987
0.272562	1005
0.272625	754
0.272688	1141
0.272750	1243
0.272813	1006
0.272875	1250
0.272937	1274
0.273000	987
0.273062	951
0.273125	532
0.273188	-175
0.273250	-573
0.273313	-941
0.273375	-1211
0.273438	-1226
0.273500	-1110
0.273562	-1016
0.273625	-666
0.273687	-20
0.273750	363
0.273813	806
0.273875	1127
0.273938	1002
0.274000	1146
0.274062	1228
0.274125	951
0.274187	881
0.274250	807
0.274313	406
0.274375	357
0.274438	293
0.274500	-45
0.274562	123
0.274625	-107
0.274687	-282
0.274750	-94
0.274813	-354
0.274875	-150
0.274938	38
0.275000	79
0.275062	417
0.275125	445
0.275187	571
0.275250	687
0.275313	571
0.275375	608
0.275438	378
0.275500	39
0.275562	-63
0.275625	-350
0.275687	-483
0.275750	-390
0.275813	-444
0.275875	-348
0.275938	-165
0.276000	-35
0.276062	166
0.276125	302
0.276187	356
0.276250	391
0.276313	307
0.276375	240
0.276438	186
0.276500	-51
0.276562	-192
0.276625	-319
0.276687	-503
0.276750	-575
0.276813	-663
0.276875	-649
0.276938	-651
0.277000	-618
0.277062	-432
0.277125	-357
0.277187	-259
0.277250	-121
0.277313	-131
0.277375	-163
0.277438	-197
0.277500	-369
0.277562	-467
0.277625	-539
0.277687	-785
0.277750	-873
0.277813	-976
0.277875	-1011
0.277938	-1004
0.278000	-1191
0.278062	-1048
0.278125	-1051
0.278187	-1082
0.278250	-789
0.278313	-887
0.278375	-876
0.278438	-734
0.278500	-967
0.278562	-893
0.278625	-984
0.278687	-1370
0.278750	-1587
0.278813	-1884
0.278875	-878
0.278938	169
0.279000	555
0.279062	1919
0.279125	2262
0.279187	2650
0.279250	3800
0.279313	3416
0.279375	2879
0.279438	2138
0.279500	770
0.279562	-13
0.279625	-630
0.279687	-1364
0.279750	-1765
0.279813	-1707
0.279875	-1563
0.279938	-1155
0.280000	-486
0.280062	-43
0.280125	313
0.280187	744
0.280250	827
0.280313	676
0.280375	939
0.280438	853
0.280500	777
0.280562	1216
0.280625	1011
0.280687	1021
0.280750	1303
0.280813	1072
0.280875	1055
0.280938	808
0.281000	191
0.281062	-270
0.281125	-670
0.281187	-970
0.281250	-1122
0.281313	-1151
0.281375	-1079
0.281438	-817
0.281500	-355
0.281562	138
0.281625	539
0.281687	855
0.281750	1016
0.281813	1098
0.281875	1135
0.281938	1098
0.282000	985
0.282062	680
0.282125	607
0.282187	434
0.282250	156
0.282313	275
0.282375	20
0.282438	-168
0.282500	-100
0.282562	-329
0.282625	-301
0.282687	-229
0.282750	-157
0.282813	1
0.282875	165
0.282938	469
0.283000	484
0.283062	660
0.283125	787
0.283187	514
0.283250	538
0.283313	285
0.283375	-75
0.283438	-54
0.283500	-349
0.283562	-494
0.283625	-322
0.283687	-452
0.283750	-303
0.283813	-7
0.283875	-49
0.283938	137
0.284000	267
0.284062	211
0.284125	278
0.284187	254
0.284250	220
0.284313	90
0.284375	-23
0.284438	-99
0.284500	-330
0.284562	-378
0.284625	-482
0.284687	-677
0.284750	-600
0.284813	-651
0.284875	-622
0.284938	-404
0.285000	-428
0.285062	-247
0.285125	-118
0.285187	-203
0.285250	-183
0.285313	-187
0.285375	-308
0.285438	-401
0.285500	-456
0.285562	-851
0.285625	-716
0.285687	-836
0.285750	-1136
0.285813	-657
0.285875	-1101
0.285938	-1253
0.286000	-739
0.286062	-1099
0.286125	-1127
0.286187	-646
0.286250	-1051
0.286313	-1230
0.286375	-818
0.286438	-1183
0.286500	-1270
0.286562	-1130
0.286625	-1722
0.286687	-1617
0.286750	-274
0.286813	288
0.286875	1049
0.286938	2461
0.287000	2297
0.287062	2941
0.287125	3792
0.287187	2974
0.287250	2560
0.287313	1747
0.287375	354
0.287438	-416
0.287500	-867
0.287562	-1646
0.287625	-1859
0.287687	-1464
0.287750	-1550
0.287813	-987
0.287875	-225
0.287938	-12
0.288000	445
0.288062	899
0.288125	832
0.288187	781
0.288250	1011
0.288313	848
0.288375	924
0.288438	1289
0.288500	1067
0.288562	1025
0.288625	1201
0.288687	958
0.288750	763
0.288813	533
0.288875	-59
0.288938	-587
0.289000	-812
0.289062	-1132
0.289125	-1241
0.289187	-1019
0.289250	-968
0.289312	-677
0.289375	-101
0.289438	274
0.289500	664
0.289563	1039
0.289625	1040
0.289687	1075
0.289750	1112
0.289812	913
0.289875	816
0.289938	692
0.290000	384
0.290063	328
0.290125	241
0.290187	-59
0.290250	53
0.290312	-81
0.290375	-334
0.290438	-167
0.290500	-277
0.290563	-289
0.290625	-53
0.290687	42
0.290750	160
0.290812	361
0.290875	585
0.290938	614
0.291000	699
0.291063	732
0.291125	418
0.291187	294
0.291250	117
0.291312	-218
0.291375	-223
0.291438	-295
0.291500	-471
0.291563	-322
0.291625	-234
0.291687	-196
0.291750	85
0.291812	179
0.291875	151
0.291938	284
0.292000	293
0.292063	194
0.292125	252
0.292187	166
0.292250	-63
0.292312	-84
0.292375	-181
0.292438	-371
0.292500	-372
0.292563	-434
0.292625	-598
0.292687	-555
0.292750	-511
0.292812	-565
0.292875	-402
0.292938	-333
0.293000	-358
0.293063	-166
0.293125	-258
0.293187	-229
0.293250	-87
0.293312	-412
0.293375	-328
0.293438	-449
0.293500	-802
0.293563	-579
0.293625	-876
0.293687	-958
0.293750	-869
0.293812	-1231
0.293875	-1028
0.293938	-928
0.294000	-1096
0.294063	-964
0.294125	-832
0.294187	-1043
0.294250	-887
0.294312	-713
0.294375	-928
0.294438	-876
0.294500	-1183
0.294563	-1437
0.294625	-1567
0.294687	-722
0.294750	277
0.294812	592
0.294875	1969
0.294938	2122
0.295000	2454
0.295063	3648
0.295125	2999
0.295187	2606
0.295250	1945
0.295312	551
0.295375	-148
0.295438	-721
0.295500	-1420
0.295563	-1720
0.295625	-1519
0.295687	-1502
0.295750	-1073
0.295812	-338
0.295875	21
0.295938	426
0.296000	839
0.296063	872
0.296125	728
0.296187	976
0.296250	875
0.296312	739
0.296375	1145
0.296438	903
0.296500	833
0.296563	1130
0.296625	816
0.296687	752
0.296750	643
0.296812	26
0.296875	-375
0.296938	-654
0.297000	-986
0.297063	-1063
0.297125	-1016
0.297187	-959
0.297250	-709
0.297312	-285
0.297375	189
0.297438	513
0.297500	876
0.297563	1023
0.297625	918
0.297687	1022
0.297750	869
0.297812	655
0.297875	591
0.297938	271
0.298000	116
0.298063	198
0.298125	24
0.298187	-10
0.298250	63
0.298312	-124
0.298375	-39
0.298438	-2
0.298500	-92
0.298563	43
0.298625	39
0.298687	116
0.298750	228
0.298812	243
0.298875	333
0.298938	347
0.299000	391
0.299063	352
0.299125	263
0.299187	242
0.299250	63
0.299312	-12
0.299375	-22
0.299438	-150
0.299500	-132
0.299563	-86
0.299625	-80
0.299687	61
0.299750	139
0.299812	159
0.299875	232
0.299938	197
0.300000	152
0.300063	149
0.300125	30
0.300187	-77
0.300250	-115
0.300312	-226
0.300375	-265
0.300438	-259
0.300500	-311
0.300563	-320
0.300625	-289
0.300687	-282
0.300750	-306
0.300812	-300
0.300875	-310
0.300938	-314
0.301000	-350
0.301063	-347
0.301125	-275
0.301187	-436
0.301250	-348
0.301312	-285
0.301375	-555
0.301438	-365
0.301500	-465
0.301563	-654
0.301625	-459
0.301687	-674
0.301750	-904
0.301812	-867
0.301875	-1004
0.301938	-1210
0.302000	-888
0.302063	-1020
0.302125	-1179
0.302187	-619
0.302250	-972
0.302312	-902
0.302375	-511
0.302438	-1115
0.302500	-995
0.302563	-1201
0.302625	-1538
0.302687	-412
0.302750	97
0.302812	580
0.302875	1658
0.302938	1759
0.303000	2330
0.303063	3021
0.303125	2676
0.303187	2281
0.303250	1605
0.303312	695
0.303375	-78
0.303438	-653
0.303500	-1132
0.303563	-1469
0.303625	-1337
0.303687	-1239
0.303750	-972
0.303812	-319
0.303875	34
0.303938	326
0.304000	772
0.304063	720
0.304125	686
0.304187	898
0.304250	685
0.304312	771
0.304375	943
0.304438	761
0.304500	857
0.304563	896
0.304625	794
0.304688	740
0.304750	529
0.304812	138
0.304875	-295
0.304937	-556
0.305000	-768
0.305063	-929
0.305125	-889
0.305188	-840
0.305250	-673
0.305312	-240
0.305375	119
0.305437	435
0.305500	754
0.305563	820
0.305625	833
0.305688	889
0.305750	755
0.305812	572
0.305875	454
0.305937	180
0.306000	44
0.306063	76
0.306125	-37
0.306188	26
0.306250	53
0.306312	-7
0.306375	44
0.306437	34
0.306500	170
0.306563	225
0.306625	239
0.306688	353
0.306750	252
0.306812	237
0.306875	294
0.306937	202
0.307000	148
0.307063	90
0.307125	-51
0.307188	-83
0.307250	-42
0.307312	-40
0.307375	51
0.307437	91
0.307500	105
0.307563	182
0.307625	229
0.307688	285
0.307750	298
0.307812	261
0.307875	193
0.307937	110
0.308000	45
0.308063	1
0.308125	-80
0.308188	-171
0.308250	-206
0.308312	-277
0.308375	-278
0.308437	-262
0.308500	-254
0.308563	-211
0.308625	-243
0.308688	-196
0.308750	-189
0.308812	-206
0.308875	-183
0.308937	-223
0.309000	-343
0.309063	-352
0.309125	-273
0.309188	-557
0.309250	-486
0.309312	-347
0.309375	-758
0.309437	-559
0.309500	-420
0.309563	-866
0.309625	-512
0.309688	-419
0.309750	-1024
0.309812	-623
0.309875	-729
0.309937	-1287
0.310000	-764
0.310063	-1100
0.310125	-1394
0.310188	-914
0.310250	-1245
0.310312	-1342
0.310375	-1111
0.310437	-1444
0.310500	-1377
0.310563	-239
0.310625	283
0.310688	731
0.310750	1835
0.310812	1832
0.310875	2319
0.310937	3127
0.311000	2561
0.311063	2067
0.311125	1633
0.311188	593
0.311250	-137
0.311312	-437
0.311375	-1218
0.311437	-1543
0.311500	-1265
0.311563	-1428
0.311625	-1058
0.311688	-426
0.311750	-240
0.311812	160
0.311875	631
0.311937	643
0.312000	702
0.312063	987
0.312125	815
0.312188	914
0.312250	1142
0.312312	895
0.312375	923
0.312437	955
0.312500	761
0.312563	617
0.312625	434
0.312688	10
0.312750	-432
0.312812	-608
0.312875	-872
0.312937	-1001
0.313000	-856
0.313063	-879
0.313125	-709
0.313188	-219
0.313250	87
0.313312	375
0.313375	757
0.313437	789
0.313500	821
0.313563	950
0.313625	728
0.313688	617
0.313750	499
0.313812	179
0.313875	72
0.313937	-24
0.314000	-139
0.314063	-156
0.314125	-172
0.314188	-124
0.314250	-95
0.314312	14
0.314375	110
0.314437	64
0.314500	211
0.314563	230
0.314625	275
0.314688	495
0.314750	383
0.314812	406
0.314875	467
0.314937	221
0.315000	181
0.315063	131
0.315125	-150
0.315188	-187
0.315250	-183
0.315312	-341
0.315375	-214
0.315437	-60
0.315500	-18
0.315563	226
0.315625	376
0.315688	420
0.315750	505
0.315812	496
0.315875	406
0.315937	310
0.316000	191
0.316063	-27
0.316125	-136
0.316188	-213
0.316250	-331
0.316312	-301
0.316375	-299
0.316437	-306
0.316500	-244
0.316563	-217
0.316625	-198
0.316688	-157
0.316750	-163
0.316812	-182
0.316875	-186
0.316937	-217
0.317000	-208
0.317063	-216
0.317125	-317
0.317188	-353
0.317250	-278
0.317312	-527
0.317375	-635
0.317437	-600
0.317500	-927
0.317563	-819
0.317625	-870
0.317688	-1012
0.317750	-887
0.317812	-1057
0.317875	-813
0.317937	-850
0.318000	-1016
0.318063	-766
0.318125	-1103
0.318188	-1212
0.318250	-1129
0.318312	-1470
0.318375	-922
0.318437	-141
0.318500	164
0.318563	1160
0.318625	1689
0.318688	1888
0.318750	2686
0.318812	2537
0.318875	2160
0.318937	1862
0.319000	909
0.319063	183
0.319125	-385
0.319188	-952
0.319250	-1304
0.319312	-1371
0.319375	-1241
0.319437	-1083
0.319500	-604
0.319563	-152
0.319625	51
0.319688	467
0.319750	668
0.319812	560
0.319875	756
0.319937	747
0.320000	622
0.320063	892
0.320125	822
0.320188	752
0.320250	941
0.320312	773
0.320375	671
0.320437	579
0.320500	199
0.320562	-135
0.320625	-431
0.320688	-743
0.320750	-906
0.320813	-929
0.320875	-879
0.320937	-726
0.321000	-430
0.321062	-70
0.321125	228
0.321188	563
0.321250	779
0.321313	802
0.321375	859
0.321437	765
0.321500	577
0.321562	469
0.321625	229
0.321688	44
0.321750	-9
0.321813	-155
0.321875	-177
0.321937	-163
0.322000	-219
0.322062	-149
0.322125	-93
0.322188	-21
0.322250	45
0.322313	82
0.322375	162
0.322437	194
0.322500	274
0.322562	331
0.322625	425
0.322688	471
0.322750	386
0.322813	393
0.322875	282
0.322937	152
0.323000	69
0.323062	-87
0.323125	-189
0.323188	-296
0.323250	-268
0.323313	-222
0.323375	-173
0.323437	27
0.323500	98
0.323562	194
0.323625	344
0.323688	352
0.323750	365
0.323813	360
0.323875	255
0.323937	187
0.324000	110
0.324062	-41
0.324125	-60
0.324188	-133
0.324250	-219
0.324313	-185
0.324375	-234
0.324437	-245
0.324500	-199
0.324562	-187
0.324625	-236
0.324688	-227
0.324750	-196
0.324813	-314
0.324875	-312
0.324937	-247
0.325000	-381
0.325062	-388
0.325125	-396
0.325188	-551
0.325250	-457
0.325313	-497
0.325375	-697
0.325437	-648
0.325500	-841
0.325562	-1029
0.325625	-902
0.325688	-1129
0.325750	-1239
0.325813	-1132
0.325875	-1409
0.325937	-1396
0.326000	-987
0.326062	-650
0.326125	-177
0.326188	505
0.326250	909
0.326313	1243
0.326375	1832
0.326437	1920
0.326500	1823
0.326562	1825
0.326625	1291
0.326688	785
0.326750	442
0.326813	-134
0.326875	-516
0.326937	-633
0.327000	-895
0.327062	-973
0.327125	-740
0.327188	-708
0.327250	-514
0.327313	-144
0.327375	-55
0.327437	110
0.327500	357
0.327562	409
0.327625	575
0.327688	818
0.327750	846
0.327813	908
0.327875	1015
0.327937	890
0.328000	808
0.328062	748
0.328125	421
0.328188	129
0.328250	-123
0.328313	-454
0.328375	-658
0.328437	-721
0.328500	-818
0.328562	-781
0.328625	-561
0.328688	-413
0.328750	-157
0.328813	175
0.328875	345
0.328937	491
0.329000	649
0.329062	649
0.329125	646
0.329188	655
0.329250	492
0.329313	395
0.329375	307
0.329437	146
0.329500	87
0.329562	-19
0.329625	-134
0.329688	-205
0.329750	-282
0.329813	-300
0.329875	-316
0.329937	-254
0.330000	-118
0.330062	-22
0.330125	99
0.330188	285
0.330250	353
0.330313	465
0.330375	658
0.330437	545
0.330500	504
0.330562	428
0.330625	165
0.330688	118
0.330750	-44
0.330813	-197
0.330875	-236
0.330937	-315
0.331000	-283
0.331062	-217
0.331125	-102
0.331188	-32
0.331250	22
0.331313	113
0.331375	123
0.331437	171
0.331500	204
0.331562	152
0.331625	143
0.331688	109
0.331750	24
0.331813	5
0.331875	-34
0.331937	-133
0.332000	-142
0.332062	-186
0.332125	-269
0.332188	-223
0.332250	-278
0.332313	-314
0.332375	-266
0.332437	-316
0.332500	-267
0.332562	-281
0.332625	-308
0.332688	-291
0.332750	-390
0.332813	-381
0.332875	-455
0.332937	-550
0.333000	-540
0.333062	-636
0.333125	-675
0.333188	-728
0.333250	-786
0.333313	-860
0.333375	-884
0.333437	-902
0.333500	-983
0.333562	-432
0.333625	78
0.333688	438
0.333750	1076
0.333813	1099
0.333875	1388
0.333937	1810
0.334000	1551
0.334062	1383
0.334125	969
0.334188	372
0.334250	33
0.334313	-320
0.334375	-680
0.334437	-837
0.334500	-844
0.334562	-858
0.334625	-673
0.334688	-425
0.334750	-281
0.334813	-82
0.334875	155
0.334937	228
0.335000	276
0.335062	435
0.335125	431
0.335188	570
0.335250	776
0.335313	732
0.335375	814
0.335437	826
0.335500	666
0.335562	615
0.335625	416
0.335688	81
0.335750	-201
0.335813	-506
0.335875	-733
0.335938	-794
0.336000	-788
0.336062	-740
0.336125	-593
0.336187	-340
0.336250	-56
0.336313	231
0.336375	478
0.336438	585
0.336500	661
0.336562	681
0.336625	607
0.336687	539
0.336750	419
0.336813	256
0.336875	143
0.336938	60
0.337000	-55
0.337062	-93
0.337125	-146
0.337187	-228
0.337250	-240
0.337313	-320
0.337375	-380
0.337438	-317
0.337500	-273
0.337562	-231
0.337625	-90
0.337687	30
0.337750	162
0.337813	348
0.337875	466
0.337938	491
0.338000	496
0.338062	432
0.338125	258
0.338187	226
0.338250	147
0.338313	-39
0.338375	-80
0.338438	-208
0.338500	-238
0.338562	-140
0.338625	-164
0.338687	-129
0.338750	-74
0.338813	-74
0.338875	-33
0.338938	12
0.339000	10
0.339062	59
0.339125	66
0.339187	44
0.339250	72
0.339313	91
0.339375	124
0.339438	107
0.339500	132
0.339562	57
0.339625	-9
0.339687	13
0.339750	-134
0.339813	-99
0.339875	-147
0.339938	-248
0.340000	-146
0.340062	-203
0.340125	-129
0.340187	-44
0.340250	-46
0.340313	37
0.340375	18
0.340438	12
0.340500	44
0.340562	1
0.340625	-78
0.340687	-111
0.340750	-175
0.340813	-205
0.340875	-189
0.340938	-169
0.341000	-116
0.341062	-115
0.341125	-51
0.341187	-67
0.341250	-67
0.341313	-2
0.341375	-115
0.341438	-86
0.341500	-59
0.341562	-174
0.341625	-108
0.341687	-66
0.341750	-68
0.341813	4
0.341875	2
0.341938	11
0.342000	-7
0.342062	-25
0.342125	-65
0.342187	-143
0.342250	-126
0.342313	-225
0.342375	-251
0.342438	-145
0.342500	-120
0.342562	-16
0.342625	85
0.342687	148
0.342750	239
0.342813	314
0.342875	330
0.342938	324
0.343000	331
0.343062	259
0.343125	222
0.343187	221
0.343250	176
0.343313	162
0.343375	174
0.343438	169
0.343500	169
0.343562	199
0.343625	165
0.343687	148
0.343750	158
0.343813	90
0.343875	75
0.343938	87
0.344000	53
0.344062	87
0.344125	141
0.344187	157
0.344250	205
0.344313	245
0.344375	238
0.344438	245
0.344500	230
0.344562	150
0.344625	106
0.344687	56
0.344750	-10
0.344813	-32
0.344875	-59
0.344938	-76
0.345000	-58
0.345062	-34
0.345125	-30
0.345187	-13
0.345250	-5
0.345313	-35
0.345375	-70
0.345438	-92
0.345500	-144
0.345562	-201
0.345625	-227
0.345687	-263
0.345750	-297
0.345813	-279
0.345875	-292
0.345938	-315
0.346000	-291
0.346062	-315
0.346125	-329
0.346187	-332
0.346250	-354
0.346313	-447
0.346375	-502
0.346438	-567
0.346500	-674
0.346562	-682
0.346625	-720
0.346687	-879
0.346750	-730
0.346813	6
0.346875	343
0.346938	711
0.347000	1038
0.347062	786
0.347125	1351
0.347187	1453
0.347250	871
0.347313	745
0.347375	193
0.347438	-182
0.347500	-268
0.347562	-596
0.347625	-725
0.347687	-562
0.347750	-465
0.347813	-427
0.347875	-160
0.347938	-52
0.348000	5
0.348062	182
0.348125	187
0.348187	97
0.348250	168
0.348313	241
0.348375	207
0.348438	490
0.348500	592
0.348562	530
0.348625	732
0.348687	596
0.348750	454
0.348813	470
0.348875	137
0.348938	-154
0.349000	-347
0.349062	-651
0.349125	-698
0.349187	-591
0.349250	-585
0.349313	-454
0.349375	-223
0.349438	-24
0.349500	230
0.349562	431
0.349625	474
0.349687	480
0.349750	483
0.349813	381
0.349875	278
0.349938	234
0.350000	107
0.350062	25
0.350125	28
0.350187	-30
0.350250	-50
0.350313	-17
0.350375	-108
0.350438	-180
0.350500	-199
0.350562	-294
0.350625	-325
0.350687	-314
0.350750	-302
0.350813	-197
0.350875	-57
0.350938	39
0.351000	181
0.351062	338
0.351125	420
0.351187	470
0.351250	439
0.351313	333
0.351375	229
0.351438	109
0.351500	-50
0.351562	-149
0.351625	-221
0.351687	-295
0.351750	-286
0.351812	-246
0.351875	-186
0.351938	-108
0.352000	-59
0.352063	-36
0.352125	5
0.352187	37
0.352250	29
0.352312	39
0.352375	60
0.352438	74
0.352500	121
0.352563	160
0.352625	174
0.352687	230
0.352750	239
0.352812	167
0.352875	124
0.352938	52
0.353000	-42
0.353063	-106
0.353125	-201
0.353187	-254
0.353250	-236
0.353312	-210
0.353375	-178
0.353438	-97
0.353500	3
0.353563	70
0.353625	135
0.353687	153
0.353750	160
0.353812	178
0.353875	134
0.353938	80
0.354000	70
0.354063	37
0.354125	5
0.354187	1
0.354250	-26
0.354312	-1
0.354375	1
0.354438	-46
0.354500	-44
0.354563	-63
0.354625	-63
0.354687	-81
0.354750	-110
0.354812	-76
0.354875	-42
0.354938	-3
0.355000	4
0.355063	58
0.355125	133
0.355187	132
0.355250	148
0.355312	143
0.355375	127
0.355438	95
0.355500	38
0.355563	-27
0.355625	-56
0.355687	-73
0.355750	-114
0.355812	-89
0.355875	-81
0.355938	-83
0.356000	-20
0.356063	-1
0.356125	13
0.356187	45
0.356250	18
0.356312	27
0.356375	51
0.356438	31
0.356500	31
0.356563	40
0.356625	40
0.356687	53
0.356750	65
0.356812	67
0.356875	91
0.356938	75
0.357000	34
0.357063	11
0.357125	-11
0.357187	-26
0.357250	-70
0.357312	-88
0.357375	-85
0.357438	-75
0.357500	-26
0.357563	-24
0.357625	-17
0.357687	50
0.357750	63
0.357812	58
0.357875	81
0.357938	59
0.358000	50
0.358063	56
0.358125	12
0.358187	9
0.358250	5
0.358312	-13
0.358375	4
0.358438	3
0.358500	-1
0.358563	-1
0.358625	1
0.358687	-8
0.358750	-1
0.358812	-6
0.358875	-30
0.358938	-15
0.359000	-25
0.359063	-15
0.359125	18
0.359187	25
0.359250	32
0.359312	35
0.359375	60
0.359438	64
0.359500	55
0.359563	34
0.359625	11
0.359687	20
0.359750	2
0.359812	-12
0.359875	-9
0.359938	-10
0.360000	-4
0.360063	-5
0.360125	-12
0.360187	4
0.360250	12
0.360312	-25
0.360375	-15
0.360438	3
0.360500	-6
0.360563	20
0.360625	20
0.360687	22
0.360750	66
0.360812	65
0.360875	45
0.360938	56
0.361000	43
0.361063	25
0.361125	7
0.361187	-25
0.361250	-31
0.361312	-36
0.361375	-68
0.361438	-53
0.361500	-25
0.361563	-33
0.361625	-18
0.361687	-7
0.361750	35
0.361812	58
0.361875	31
0.361938	48
0.362000	56
0.362063	57
0.362125	46
0.362187	12
0.362250	25
0.362312	23
0.362375	-8
0.362438	-1
0.362500	-13
0.362563	-20
0.362625	-10
0.362687	-36
0.362750	-21
0.362812	-12
0.362875	-23
0.362938	-4
0.363000	-4
0.363063	23
0.363125	32
0.363187	18
0.363250	43
0.363312	57
0.363375	77
0.363438	62
0.363500	32
0.363563	44
0.363625	34
0.363687	12
0.363750	-6
0.363812	-19
0.363875	-18
0.363938	-13
0.364000	-34
0.364063	-33
0.364125	7
0.364187	10
0.364250	13
0.364312	11
0.364375	13
0.364438	42
0.364500	38
0.364563	19
0.364625	17
0.364687	22
0.364750	12
0.364812	13
0.364875	16
0.364938	5
0.365000	12
0.365063	3
0.365125	-12
0.365187	-3
0.365250	0
0.365312	-11
0.365375	-12
0.365438	-4
0.365500	-2
0.365563	14
0.365625	22
0.365687	33
0.365750	54
0.365812	39
0.365875	37
0.365938	49
0.366000	41
0.366063	25
0.366125	-1
0.366187	-11
0.366250	-14
0.366312	-22
0.366375	-21
0.366438	-20
0.366500	-1
0.366563	-3
0.366625	1
0.366687	16
0.366750	17
0.366812	32
0.366875	18
0.366938	5
0.367000	5
0.367063	10
0.367125	19
0.367188	16
0.367250	24
0.367312	31
0.367375	33
0.367437	33
0.367500	39
0.367563	22
0.367625	2
0.367688	10
0.367750	-7
0.367812	-6
0.367875	-5
0.367937	-14
0.368000	-3
0.368063	-3
0.368125	16
0.368188	13
0.368250	21
0.368312	49
0.368375	29
0.368437	27
0.368500	29
0.368563	17
0.368625	14
0.368688	10
0.368750	7
0.368812	-1
0.368875	-8
0.368937	0
0.369000	7
0.369063	0
0.369125	0
0.369188	5
0.369250	0
0.369312	-2
0.369375	6
0.369437	7
0.369500	2
0.369563	8
0.369625	3
0.369688	8
0.369750	32
0.369812	34
0.369875	34
0.369937	38
0.370000	32
0.370063	30
0.370125	9
0.370188	-2
0.370250	-6
0.370312	-14
0.370375	-9
0.370437	-26
0.370500	-19
0.370563	-2
0.370625	-2
0.370688	11
0.370750	10
0.370812	-2
0.370875	11
0.370937	30
0.371000	14
0.371063	12
0.371125	22
0.371188	25
0.371250	27
0.371312	13
0.371375	24
0.371437	34
0.371500	13
0.371563	6
0.371625	5
0.371688	2
0.371750	-3
0.371812	-12
0.371875	-8
0.371937	0
0.372000	-1
0.372063	-2
0.372125	0
0.372188	11
0.372250	17
0.372312	12
0.372375	3
0.372437	7
0.372500	17
0.372563	6
0.372625	3
0.372688	10
0.372750	11
0.372812	10
0.372875	3
0.372937	10
0.373000	17
0.373063	7
0.373125	2
0.373188	2
0.373250	1
0.373312	3
0.373375	-3
0.373437	1
0.373500	13
0.373563	5
0.373625	7
0.373688	14
0.373750	16
0.373812	20
0.373875	10
0.373937	10
0.374000	9
0.374063	4
0.374125	10
0.374188	1
0.374250	-2
0.374312	5
0.374375	0
0.374437	-4
0.374500	1
0.374563	-1
0.374625	-4
0.374688	-1
0.374750	-7
0.374812	1
0.374875	5
0.374937	1
0.375000	7
0.375063	18
0.375125	20
0.375188	20
0.375250	34
0.375312	26
0.375375	23
0.375437	20
0.375500	9
0.375563	6
0.375625	1
0.375688	2
0.375750	-3
0.375812	2
0.375875	4
0.375937	-2
0.376000	7
0.376063	15
0.376125	7
0.376188	3
0.376250	11
0.376312	2
0.376375	0
0.376437	10
0.376500	8
0.376563	6
0.376625	14
0.376688	18
0.376750	22
0.376812	22
0.376875	15
0.376937	15
0.377000	18
0.377063	8
0.377125	-2
0.377188	-1
0.377250	-4
0.377312	-3
0.377375	-1
0.377437	-3
0.377500	5
0.377563	4
0.377625	2
0.377688	14
0.377750	16
0.377812	10
0.377875	15
0.377937	16
0.378000	12
0.378063	11
0.378125	8
0.378188	15
0.378250	11
0.378312	9
0.378375	13
0.378437	3
0.378500	3
0.378563	3
0.378625	0
0.378688	-3
0.378750	-2
0.378812	-1
0.378875	0
0.378937	1
0.379000	-2
0.379063	14
0.379125	19
0.379188	14
0.379250	26
0.379312	22
0.379375	21
0.379437	25
0.379500	16
0.379563	13
0.379625	3
0.379688	0
0.379750	2
0.379812	3
0.379875	-6
0.379937	-3
0.380000	13
0.380063	2
0.380125	1
0.380188	14
0.380250	11
0.380312	7
0.380375	7
0.380437	12
0.380500	13
0.380563	10
0.380625	9
0.380688	9
0.380750	18
0.380812	9
0.380875	5
0.380937	19
0.381000	13
0.381063	17
0.381125	21
0.381188	8
0.381250	10
0.381312	6
0.381375	-4
0.381437	1
0.381500	-2
0.381563	-4
0.381625	-1
0.381688	3
0.381750	4
0.381812	4
0.381875	15
0.381937	16
0.382000	14
0.382063	15
0.382125	16
0.382188	15
0.382250	16
0.382312	5
0.382375	5
0.382437	11
0.382500	-7
0.382563	3
0.382625	6
0.382688	-3
0.382750	13
0.382812	16
0.382875	16
0.382937	15
0.383000	10
0.383062	17
0.383125	13
0.383188	9
0.383250	10
0.383313	3
0.383375	6
0.383437	6
0.383500	5
0.383562	13
0.383625	12
0.383688	11
0.383750	15
0.383813	11
0.383875	9
0.383937	6
0.384000	7
0.384062	4
0.384125	-1
0.384188	3
0.384250	1
0.384313	5
0.384375	6
0.384437	12
0.384500	11
0.384562	11
0.384625	16
0.384688	11
0.384750	15
0.384813	10
0.384875	5
0.384937	4
0.385000	1
0.385062	5
0.385125	0
0.385188	4
0.385250	15
0.385313	15
0.385375	17
0.385437	24
0.385500	21
0.385562	15
0.385625	17
0.385688	13
0.385750	7
0.385813	2
0.385875	0
0.385937	1
0.386000	-1
0.386062	-1
0.386125	3
0.386188	-1
0.386250	4
0.386313	15
0.386375	4
0.386437	8
0.386500	9
0.386562	8
0.386625	13
0.386688	3
0.386750	16
0.386813	8
0.386875	2
0.386937	15
0.387000	11
0.387062	11
0.387125	9
0.387188	9
0.387250	7
0.387313	-1
0.387375	0
0.387437	2
0.387500	-2
0.387562	-1
0.387625	0
0.387688	-1
0.387750	1
0.387813	8
0.387875	13
0.387937	12
0.388000	15
0.388062	18
0.388125	18
0.388188	10
0.388250	5
0.388313	6
0.388375	6
0.388437	2
0.388500	5
0.388562	10
0.388625	4
0.388688	3
0.388750	2
0.388813	4
0.388875	7
0.388937	3
0.389000	3
0.389062	3
0.389125	10
0.389188	12
0.389250	5
0.389313	9
0.389375	14
0.389437	16
0.389500	13
0.389562	9
0.389625	8
0.389688	5
0.389750	7
0.389813	2
0.389875	0
0.389937	7
0.390000	2
0.390062	0
0.390125	0
0.390188	1
0.390250	2
0.390313	7
0.390375	4
0.390437	0
0.390500	16
0.390562	11
0.390625	10
0.390688	14
0.390750	17
0.390813	16
0.390875	1
0.390937	4
0.391000	2
0.391062	-2
0.391125	-4
0.391188	-5
0.391250	-5
0.391313	-4
0.391375	-2
0.391437	0
0.391500	9
0.391562	10
0.391625	12
0.391688	22
0.391750	15
0.391813	14
0.391875	18
0.391937	9
0.392000	9
0.392062	6
0.392125	-2
0.392188	2
0.392250	3
0.392313	-1
0.392375	-1
0.392437	2
0.392500	1
0.392562	-1
0.392625	2
0.392688	5
0.392750	-2
0.392813	4
0.392875	8
0.392937	4
0.393000	11
0.393062	12
0.393125	13
0.393188	12
0.393250	9
0.393313	11
0.393375	10
0.393437	4
0.393500	-2
0.393562	-2
0.393625	-2
0.393688	0
0.393750	-5
0.393813	-2
0.393875	3
0.393937	3
0.394000	6
0.394062	6
0.394125	15
0.394188	9
0.394250	10
0.394313	14
0.394375	5
0.394437	6
0.394500	5
0.394562	5
0.394625	-2
0.394688	-2
0.394750	-1
0.394813	-2
0.394875	2
0.394937	1
0.395000	5
0.395062	3
0.395125	12
0.395188	15
0.395250	6
0.395313	14
0.395375	8
0.395437	3
0.395500	15
0.395562	17
0.395625	7
0.395688	6
0.395750	10
0.395813	2
0.395875	10
0.395937	13
0.396000	5
0.396062	4
0.396125	-1
0.396188	0
0.396250	-1
0.396313	-1
0.396375	3
0.396437	3
0.396500	6
0.396562	15
0.396625	21
0.396688	15
0.396750	12
0.396813	22
0.396875	17
0.396937	8
0.397000	11
0.397062	3
0.397125	5
0.397188	3
0.397250	0
0.397313	4
0.397375	2
0.397437	-1
0.397500	4
0.397562	8
0.397625	5
0.397688	11
0.397750	4
0.397813	9
0.397875	13
0.397937	9
0.398000	12
0.398062	5
0.398125	13
0.398188	13
0.398250	18
0.398313	21
0.398375	10
0.398438	16
0.398500	7
0.398562	2
0.398625	6
0.398687	0
0.398750	-1
0.398813	-5
0.398875	-6
0.398938	-2
0.399000	-1
0.399062	0
0.399125	-3
0.399187	4
0.399250	1
0.399313	-1
0.399375	12
0.399438	12
0.399500	14
0.399562	13
0.399625	18
0.399687	20
0.399750	22
0.399813	20
0.399875	12
0.399938	12
0.400000	5
0.400062	-3
0.400125	-2
0.400187	-5
0.400250	-6
0.400313	-2
0.400375	-1
0.400438	-2
0.400500	2
0.400562	14
0.400625	12
0.400687	15
0.400750	20
0.400813	9
0.400875	13
0.400938	13
0.401000	4
0.401062	5
0.401125	8
0.401187	3
0.401250	-1
0.401313	9
0.401375	6
0.401438	4
0.401500	7
0.401562	3
0.401625	9
0.401687	2
0.401750	-1
0.401813	6
0.401875	-3
0.401938	-5
0.402000	-1
0.402062	-2
0.402125	2
0.402187	6
0.402250	9
0.402313	12
0.402375	12
0.402438	18
0.402500	13
0.402562	9
0.402625	10
0.402687	6
0.402750	3
0.402813	-2
0.402875	4
0.402938	2
0.403000	-4
0.403062	2
0.403125	3
0.403187	-1
0.403250	5
0.403313	10
0.403375	5
0.403438	3
0.403500	2
0.403562	4
0.403625	4
0.403687	3
0.403750	3
0.403813	5
0.403875	5
0.403938	1
0.404000	2
0.404062	5
0.404125	8
0.404187	7
0.404250	8
0.404313	13
0.404375	7
0.404438	5
0.404500	11
0.404562	4
0.404625	0
0.404687	2
0.404750	-3
0.404813	4
0.404875	3
0.404938	2
0.405000	4
0.405062	1
0.405125	8
0.405187	2
0.405250	2
0.405313	1
0.405375	4
0.405438	8
0.405500	-2
0.405562	10
0.405625	7
0.405687	0
0.405750	4
0.405813	11
0.405875	7
0.405938	-1
0.406000	9
0.406062	2
0.406125	6
0.406187	15
0.406250	7
0.406313	10
0.406375	9
0.406438	9
0.406500	10
0.406562	2
0.406625	4
0.406687	2
0.406750	-2
0.406813	-2
0.406875	-1
0.406938	-2
0.407000	-10
0.407062	-5
0.407125	-1
0.407187	-2
0.407250	0
0.407313	6
0.407375	7
0.407438	8
0.407500	17
0.407562	12
0.407625	5
0.407687	11
0.407750	9
0.407813	3
0.407875	5
0.407938	-1
0.408000	1
0.408062	5
0.408125	0
0.408187	6
0.408250	10
0.408313	12
0.408375	13
0.408438	6
0.408500	4
0.408562	6
0.408625	6
0.408687	-1
0.408750	-4
0.408813	-1
0.408875	-3
0.408938	-3
0.409000	-2
0.409062	1
0.409125	6
0.409187	6
0.409250	3
0.409313	8
0.409375	6
0.409438	4
0.409500	6
0.409562	-2
0.409625	1
0.409687	4
0.409750	3
0.409813	11
0.409875	8
0.409938	14
0.410000	10
0.410062	5
0.410125	17
0.410187	11
0.410250	12
0.410313	4
0.410375	4
0.410438	7
0.410500	-3
0.410562	2
0.410625	-2
0.410687	1
0.410750	0
0.410813	-1
0.410875	0
0.410938	1
0.411000	2
0.411062	11
0.411125	9
0.411187	-3
0.411250	13
0.411313	11
0.411375	6
0.411438	6
0.411500	3
0.411562	1
0.411625	6
0.411687	13
0.411750	0
0.411813	-2
0.411875	3
0.411938	1
0.412000	-2
0.412062	1
0.412125	2
0.412187	0
0.412250	0
0.412313	-1
0.412375	12
0.412438	17
0.412500	10
0.412562	21
0.412625	21
0.412687	15
0.412750	28
0.412813	19
0.412875	7
0.412938	10
0.413000	9
0.413062	2
0.413125	-2
0.413187	-2
0.413250	-1
0.413313	-3
0.413375	-6
0.413438	2
0.413500	4
0.413562	-1
0.413625	10
0.413687	17
0.413750	14
0.413813	16
0.413875	14
0.413938	22
0.414000	20
0.414062	13
0.414125	17
0.414187	11
0.414250	8
0.414312	8
0.414375	5
0.414438	1
0.414500	-2
0.414563	-1
0.414625	0
0.414687	-2
0.414750	-4
0.414812	2
0.414875	8
0.414938	11
0.415000	20
0.415063	26
0.415125	27
0.415187	28
0.415250	21
0.415312	17
0.415375	15
0.415438	12
0.415500	4
0.415563	4
0.415625	1
0.415687	-7
0.415750	0
0.415812	1
0.415875	-2
0.415938	-2
0.416000	0
0.416063	2
0.416125	5
0.416187	10
0.416250	6
0.416312	7
0.416375	13
0.416438	13
0.416500	18
0.416563	19
0.416625	19
0.416687	18
0.416750	14
0.416812	11
0.416875	5
0.416938	6
0.417000	6
0.417063	-7
0.417125	-9
0.417187	4
0.417250	2
0.417312	1
0.417375	0
0.417438	7
0.417500	12
0.417563	11
0.417625	27
0.417687	19
0.417750	18
0.417812	25
0.417875	17
0.417938	7
0.418000	6
0.418063	6
0.418125	-2
0.418187	-1
0.418250	-1
0.418312	-5
0.418375	1
0.418438	10
0.418500	3
0.418563	1
0.418625	6
0.418687	5
0.418750	8
0.418812	12
0.418875	7
0.418938	7
0.419000	12
0.419063	12
0.419125	18
0.419187	17
0.419250	7
0.419312	7
0.419375	3
0.419438	-2
0.419500	-4
0.419563	-2
0.419625	-2
0.419687	-3
0.419750	-1
0.419812	5
0.419875	13
0.419938	11
0.420000	17
0.420063	20
0.420125	12
0.420187	14
0.420250	16
0.420312	9
0.420375	3
0.420438	2
0.420500	2
0.420563	3
0.420625	3
0.420687	8
0.420750	9
0.420812	9
0.420875	11
0.420938	12
0.421000	10
0.421063	4
0.421125	4
0.421187	8
0.421250	10
0.421312	3
0.421375	6
0.421438	15
0.421500	7
0.421563	8
0.421625	8
0.421687	7
0.421750	12
0.421812	3
0.421875	2
0.421938	0
0.422000	0
0.422063	7
0.422125	5
0.422187	14
0.422250	20
0.422312	13
0.422375	17
0.422438	21
0.422500	14
0.422563	6
0.422625	4
0.422687	3
0.422750	-4
0.422812	-8
0.422875	-8
0.422938	-3
0.423000	-2
0.423063	-1
0.423125	4
0.423187	10
0.423250	13
0.423312	12
0.423375	17
0.423438	14
0.423500	13
0.423563	18
0.423625	10
0.423687	10
0.423750	15
0.423812	11
0.423875	9
0.423938	5
0.424000	6
0.424063	6
0.424125	-1
0.424187	0
0.424250	0
0.424312	-3
0.424375	-1
0.424438	5
0.424500	4
0.424563	5
0.424625	14
0.424687	10
0.424750	10
0.424812	11
0.424875	4
0.424938	8
0.425000	9
0.425063	4
0.425125	-2
0.425187	-1
0.425250	2
0.425312	-1
0.425375	0
0.425438	-3
0.425500	-2
0.425563	3
0.425625	-1
0.425687	3
0.425750	7
0.425812	6
0.425875	13
0.425938	16
0.426000	18
0.426063	23
0.426125	21
0.426187	12
0.426250	10
0.426312	7
0.426375	2
0.426438	3
0.426500	0
0.426563	1
0.426625	-1
0.426687	-2
0.426750	-1
0.426812	-1
0.426875	0
0.426938	0
0.427000	0
0.427063	-2
0.427125	2
0.427187	5
0.427250	5
0.427312	7
0.427375	13
0.427438	17
0.427500	16
0.427563	15
0.427625	12
0.427687	10
0.427750	14
0.427812	5
0.427875	-5
0.427938	-1
0.428000	-3
0.428063	-3
0.428125	0
0.428187	-2
0.428250	0
0.428312	0
0.428375	6
0.428438	9
0.428500	7
0.428563	12
0.428625	8
0.428687	7
0.428750	11
0.428812	10
0.428875	12
0.428938	8
0.429000	8
0.429063	11
0.429125	8
0.429187	6
0.429250	2
0.429312	4
0.429375	3
0.429438	-1
0.429500	-2
0.429563	0
0.429625	0
0.429688	-1
0.429750	7
0.429812	5
0.429875	10
0.429937	14
0.430000	16
0.430063	25
0.430125	11
0.430188	11
0.430250	15
0.430312	10
0.430375	14
0.430437	5
0.430500	2
0.430563	0
0.430625	5
0.430688	8
0.430750	0
0.430812	10
0.430875	3
0.430937	0
0.431000	11
0.431063	7
0.431125	4
0.431188	9
0.431250	11
0.431312	9
0.431375	16
0.431437	11
0.431500	11
0.431563	12
0.431625	6
0.431688	9
0.431750	3
0.431812	2
0.431875	0
0.431937	5
0.432000	7
0.432063	-2
0.432125	1
0.432188	9
0.432250	8
0.432312	0
0.432375	10
0.432437	13
0.432500	6
0.432563	11
0.432625	16
0.432688	13
0.432750	3
0.432812	6
0.432875	7
0.432937	9
0.433000	6
0.433063	5
0.433125	7
0.433188	9
0.433250	15
0.433312	7
0.433375	2
0.433437	7
0.433500	9
0.433563	9
0.433625	8
0.433688	7
0.433750	6
0.433812	8
0.433875	3
0.433937	0
0.434000	11
0.434063	1
0.434125	-1
0.434188	12
0.434250	7
0.434312	4
0.434375	2
0.434437	5
0.434500	1
0.434563	0
0.434625	-2
0.434688	1
0.434750	2
0.434812	0
0.434875	4
0.434937	-2
0.435000	5
0.435063	6
0.435125	2
0.435188	3
0.435250	8
0.435312	3
0.435375	-1
0.435437	4
0.435500	6
0.435563	7
0.435625	1
0.435688	8
0.435750	6
0.435812	8
0.435875	9
0.435937	2
0.436000	9
0.436063	7
0.436125	3
0.436188	1
0.436250	-2
0.436312	2
0.436375	2
0.436437	-2
0.436500	0
0.436563	4
0.436625	1
0.436688	-1
0.436750	2
0.436812	3
0.436875	1
0.436937	0
0.437000	3
0.437063	1
0.437125	4
0.437188	3
0.437250	3
0.437312	9
0.437375	4
0.437437	2
0.437500	5
0.437563	9
0.437625	1
0.437688	1
0.437750	6
0.437812	4
0.437875	2
0.437937	1
0.438000	3
0.438063	0
0.438125	2
0.438188	3
0.438250	-2
0.438312	1
0.438375	1
0.438437	-1
0.438500	-1
0.438563	1
0.438625	1
0.438688	-2
0.438750	3
0.438812	8
0.438875	2
0.438937	0
0.439000	8
0.439063	4
0.439125	1
0.439188	-1
0.439250	-2
0.439312	3
0.439375	-1
0.439437	3
0.439500	1
0.439563	0
0.439625	3
0.439688	-1
0.439750	5
0.439812	2
0.439875	1
0.439937	2
0.440000	1
0.440063	0
0.440125	2
0.440188	0
0.440250	1
0.440312	3
0.440375	-2
0.440437	0
0.440500	-1
0.440563	6
0.440625	0
0.440688	-3
0.440750	5
0.440812	5
0.440875	1
0.440937	-2
0.441000	8
0.441063	8
0.441125	-1
0.441188	5
0.441250	13
0.441312	5
0.441375	2
0.441437	3
0.441500	2
0.441563	0
0.441625	-2
0.441688	4
0.441750	2
0.441812	-2
0.441875	0
0.441937	1
0.442000	2
0.442063	6
0.442125	-1
0.442188	0
0.442250	3
0.442312	-2
0.442375	1
0.442437	0
0.442500	0
0.442563	2
0.442625	6
0.442688	7
0.442750	2
0.442812	9
0.442875	3
0.442937	3
0.443000	13
0.443063	3
0.443125	3
0.443188	7
0.443250	7
0.443312	1
0.443375	1
0.443437	3
0.443500	-2
0.443563	3
0.443625	3
0.443688	0
0.443750	-5
0.443812	-1
0.443875	4
0.443937	-3
0.444000	0
0.444063	1
0.444125	-2
0.444188	2
0.444250	-1
0.444312	-3
0.444375	3
0.444437	-1
0.444500	0
0.444563	0
0.444625	1
0.444688	2
0.444750	5
0.444812	3
0.444875	-1
0.444937	5
0.445000	5
0.445063	2
0.445125	3
0.445188	3
0.445250	-1
0.445312	1
0.445375	3
0.445437	5
0.445500	2
0.445562	0
0.445625	5
0.445688	3
0.445750	4
0.445813	0
0.445875	-1
0.445937	4
0.446000	0
0.446062	0
0.446125	4
0.446188	3
0.446250	4
0.446313	3
0.446375	2
0.446437	6
0.446500	4
0.446562	6
0.446625	5
0.446688	1
0.446750	8
0.446813	5
0.446875	5
0.446937	8
0.447000	3
0.447062	1
0.447125	-1
0.447188	5
0.447250	2
0.447313	-1
0.447375	2
0.447437	-2
0.447500	1
0.447562	3
0.447625	0
0.447688	0
0.447750	4
0.447813	2
0.447875	-1
0.447937	0
0.448000	6
0.448062	9
0.448125	5
0.448188	5
0.448250	7
0.448313	7
0.448375	8
0.448437	2
0.448500	6
0.448562	7
0.448625	1
0.448688	8
0.448750	6
0.448813	10
0.448875	11
0.448937	-1
0.449000	4
0.449062	10
0.449125	4
0.449188	1
0.449250	1
0.449313	-2
0.449375	5
0.449437	3
0.449500	-1
0.449562	2
0.449625	2
0.449688	-1
0.449750	2
0.449813	5
0.449875	0
0.449937	3
0.450000	4
0.450062	4
0.450125	3
0.450188	4
0.450250	4
0.450313	-1
0.450375	4
0.450437	5
0.450500	2
0.450562	5
0.450625	8
0.450688	9
0.450750	8
0.450813	5
0.450875	5
0.450937	11
0.451000	6
0.451062	-3
0.451125	6
0.451188	7
0.451250	-2
0.451313	1
0.451375	0
0.451437	-1
0.451500	-1
0.451562	0
0.451625	6
0.451688	3
0.451750	-2
0.451813	9
0.451875	5
0.451937	-5
0.452000	-1
0.452062	-1
0.452125	3
0.452188	4
0.452250	3
0.452313	-2
0.452375	1
0.452437	4
0.452500	1
0.452562	5
0.452625	-3
0.452688	-3
0.452750	4
0.452813	4
0.452875	5
0.452937	-1
0.453000	6
0.453062	7
0.453125	-1
0.453188	6
0.453250	2
0.453313	0
0.453375	3
0.453437	-1
0.453500	0
0.453562	4
0.453625	1
0.453688	-1
0.453750	1
0.453813	4
0.453875	3
0.453937	2
0.454000	2
0.454062	4
0.454125	5
0.454188	-1
0.454250	0
0.454313	3
0.454375	0
0.454437	2
0.454500	2
0.454562	1
0.454625	1
0.454688	4
0.454750	5
0.454813	6
0.454875	2
0.454937	2
0.455000	4
0.455062	-2
0.455125	1
0.455188	3
0.455250	0
0.455313	-1
0.455375	-1
0.455437	4
0.455500	1
0.455562	5
0.455625	7
0.455688	6
0.455750	5
0.455813	6
0.455875	10
0.455937	0
0.456000	7
0.456062	5
0.456125	4
0.456188	3
0.456250	0
0.456313	9
0.456375	5
0.456437	4
0.456500	1
0.456562	1
0.456625	5
0.456688	4
0.456750	0
0.456813	-1
0.456875	3
0.456937	6
0.457000	5
0.457062	3
0.457125	0
0.457188	1
0.457250	6
0.457313	3
0.457375	2
0.457437	0
0.457500	2
0.457562	2
0.457625	2
0.457688	-1
0.457750	-1
0.457813	9
0.457875	3
0.457937	-1
0.458000	1
0.458062	3
0.458125	3
0.458188	4
0.458250	8
0.458313	6
0.458375	8
0.458437	7
0.458500	4
0.458562	2
0.458625	0
0.458688	1
0.458750	-3
0.458813	1
0.458875	0
0.458937	-4
0.459000	1
0.459062	3
0.459125	0
0.459188	-3
0.459250	3
0.459313	2
0.459375	0
0.459437	3
0.459500	1
0.459562	-1
0.459625	6
0.459688	5
0.459750	3
0.459813	2
0.459875	2
0.459937	9
0.460000	4
0.460062	-1
0.460125	0
0.460188	1
0.460250	1
0.460313	-3
0.460375	-4
0.460437	-2
0.460500	0
0.460562	2
0.460625	0
0.460688	0
0.460750	3
0.460813	5
0.460875	2
0.460938	0
0.461000	5
0.461062	5
0.461125	-1
0.461187	4
0.461250	3
0.461313	-1
0.461375	1
0.461438	-1
0.461500	1
0.461562	-2
0.461625	0
0.461687	7
0.461750	-1
0.461813	2
0.461875	8
0.461938	4
0.462000	4
0.462062	6
0.462125	2
0.462187	0
0.462250	0
0.462313	3
0.462375	4
0.462438	1
0.462500	1
0.462562	-1
0.462625	5
0.462687	6
0.462750	0
0.462813	3
0.462875	4
0.462938	-1
0.463000	-2
0.463062	1
0.463125	0
0.463187	3
0.463250	2
0.463313	0
0.463375	6
0.463438	-1
0.463500	2
0.463562	9
0.463625	6
0.463687	3
0.463750	0
0.463813	2
0.463875	6
0.463938	7
0.464000	0
0.464062	-2
0.464125	6
0.464187	9
0.464250	3
0.464313	2
0.464375	0
0.464438	1
0.464500	5
0.464562	6
0.464625	4
0.464687	0
0.464750	2
0.464813	0
0.464875	2
0.464938	4
0.465000	4
0.465062	5
0.465125	0
0.465187	5
0.465250	10
0.465313	4
0.465375	3
0.465438	4
0.465500	6
0.465562	6
0.465625	4
0.465687	12
0.465750	15
0.465813	8
0.465875	6
0.465938	4
0.466000	3
0.466062	5
0.466125	0
0.466187	-2
0.466250	-1
0.466313	-3
0.466375	1
0.466438	-1
0.466500	0
0.466562	2
0.466625	3
0.466687	0
0.466750	0
0.466813	3
0.466875	4
0.466938	3
0.467000	0
0.467062	1
0.467125	4
0.467187	6
0.467250	0
0.467313	-4
0.467375	7
0.467438	9
0.467500	2
0.467562	4
0.467625	3
0.467687	2
0.467750	1
0.467813	-2
0.467875	0
0.467938	-1
0.468000	-2
0.468062	4
0.468125	0
0.468187	-1
0.468250	9
0.468313	4
0.468375	-3
0.468438	2
0.468500	2
0.468562	0
0.468625	-1
0.468687	6
0.468750	4
0.468813	-2
0.468875	4
0.468938	1
0.469000	1
0.469062	5
0.469125	3
0.469187	9
0.469250	5
0.469313	1
0.469375	9
0.469438	8
0.469500	2
0.469562	11
0.469625	7
0.469687	1
0.469750	2
0.469813	2
0.469875	2
0.469938	0
0.470000	6
0.470062	3
0.470125	-1
0.470187	0
0.470250	-1
0.470313	-1
0.470375	0
0.470438	2
0.470500	2
0.470562	-2
0.470625	0
0.470687	3
0.470750	0
0.470813	1
0.470875	0
0.470938	0
0.471000	0
0.471062	4
0.471125	8
0.471187	4
0.471250	6
0.471313	0
0.471375	1
0.471438	8
0.471500	-2
0.471562	-2
0.471625	4
0.471687	4
0.471750	0
0.471813	0
0.471875	1
0.471938	-2
0.472000	-3
0.472062	0
0.472125	5
0.472187	-1
0.472250	-2
0.472313	0
0.472375	1
0.472438	8
0.472500	3
0.472562	0
0.472625	2
0.472687	3
0.472750	6
0.472813	1
0.472875	-2
0.472938	5
0.473000	2
0.473062	2
0.473125	6
0.473187	2
0.473250	5
0.473313	4
0.473375	4
0.473438	6
0.473500	0
0.473562	3
0.473625	1
0.473687	-2
0.473750	2
0.473813	1
0.473875	3
0.473938	3
0.474000	3
0.474062	7
0.474125	2
0.474187	5
0.474250	5
0.474313	2
0.474375	7
0.474438	2
0.474500	1
0.474562	3
0.474625	2
0.474687	3
0.474750	0
0.474813	7
0.474875	7
0.474938	0
0.475000	4
0.475062	3
0.475125	0
0.475187	2
0.475250	2
0.475313	-2
0.475375	4
0.475438	4
0.475500	-3
0.475562	1
0.475625	3
0.475687	1
0.475750	3
0.475813	3
0.475875	1
0.475938	-2
0.476000	0
0.476062	6
0.476125	2
0.476187	-1
0.476250	3
0.476313	2
0.476375	1
0.476438	-1
0.476500	0
0.476562	1
0.476625	1
0.476687	4
0.476750	9
0.476812	-1
0.476875	1
0.476938	8
0.477000	3
0.477063	5
0.477125	1
0.477187	3
0.477250	3
0.477312	2
0.477375	2
0.477438	1
0.477500	5
0.477563	-1
0.477625	-2
0.477687	3
0.477750	0
0.477812	-1
0.477875	0
0.477938	-1
0.478000	1
0.478063	-1
0.478125	-1
0.478187	3
0.478250	5
0.478312	2
0.478375	4
0.478438	10
0.478500	1
0.478563	0
0.478625	7
0.478687	4
0.478750	6
0.478812	1
0.478875	-2
0.478938	2
0.479000	3
0.479063	-1
0.479125	0
0.479187	7
0.479250	0
0.479312	3
0.479375	4
0.479438	4
0.479500	9
0.479563	-2
0.479625	1
0.479687	3
0.479750	2
0.479812	4
0.479875	3
0.479938	7
0.480000	-1
0.480063	5
0.480125	7
0.480187	3
0.480250	5
0.480312	2
0.480375	5
0.480438	2
0.480500	10
0.480563	1
0.480625	3
0.480687	6
0.480750	-8
0.480812	13
0.480875	12
0.480938	-6
0.481000	4
0.481063	5
0.481125	-3
0.481187	3
0.481250	-1
0.481312	-4
0.481375	3
0.481438	3
0.481500	2
0.481563	2
0.481625	0
0.481687	-1
0.481750	4
0.481812	1
0.481875	3
0.481938	3
0.482000	3
0.482063	3
0.482125	0
0.482187	12
0.482250	10
0.482312	9
0.482375	12
0.482438	10
0.482500	10
0.482563	5
0.482625	5
0.482687	2
0.482750	3
0.482812	7
0.482875	2
0.482938	3
0.483000	7
0.483063	-1
0.483125	7
0.483187	7
0.483250	-1
0.483312	6
0.483375	4
0.483438	2
0.483500	1
0.483563	3
0.483625	4
0.483687	-2
0.483750	1
0.483812	4
0.483875	2
0.483938	7
0.484000	9
0.484063	3
0.484125	7
0.484187	8
0.484250	0
0.484312	3
0.484375	6
0.484438	7
0.484500	6
0.484563	-2
0.484625	6
0.484687	6
0.484750	-1
0.484812	4
0.484875	0
0.484938	0
0.485000	8
0.485063	7
0.485125	-2
0.485187	4
0.485250	7
0.485312	-2
0.485375	3
0.485438	5
0.485500	7
0.485563	6
0.485625	-1
0.485687	2
0.485750	2
0.485812	3
0.485875	4
0.485938	1
0.486000	0
0.486063	0
0.486125	2
0.486187	4
0.486250	1
0.486312	0
0.486375	3
0.486438	-2
0.486500	2
0.486563	10
0.486625	2
0.486687	0
0.486750	1
0.486812	3
0.486875	6
0.486938	1
0.487000	3
0.487063	1
0.487125	3
0.487187	7
0.487250	2
0.487312	5
0.487375	6
0.487438	7
0.487500	1
0.487563	3
0.487625	8
0.487687	0
0.487750	4
0.487812	6
0.487875	0
0.487938	2
0.488000	2
0.488063	0
0.488125	3
0.488187	2
0.488250	-1
0.488312	5
0.488375	10
0.488438	3
0.488500	0
0.488563	-2
0.488625	-3
0.488687	2
0.488750	-2
0.488812	-2
0.488875	0
0.488938	0
0.489000	-1
0.489063	1
0.489125	2
0.489187	4
0.489250	2
0.489312	-1
0.489375	1
0.489438	0
0.489500	1
0.489563	1
0.489625	0
0.489687	1
0.489750	6
0.489812	5
0.489875	0
0.489938	3
0.490000	3
0.490063	1
0.490125	3
0.490187	5
0.490250	4
0.490312	11
0.490375	5
0.490438	-1
0.490500	6
0.490563	0
0.490625	1
0.490687	3
0.490750	-2
0.490812	3
0.490875	0
0.490938	4
0.491000	5
0.491063	1
0.491125	1
0.491187	1
0.491250	3
0.491312	3
0.491375	3
0.491438	2
0.491500	2
0.491563	2
0.491625	4
0.491687	3
0.491750	3
0.491812	3
0.491875	3
0.491938	2
0.492000	3
0.492063	4
0.492125	3
0.492188	7
0.492250	4
0.492312	-1
0.492375	-3
0.492437	3
0.492500	0
0.492563	1
0.492625	8
0.492688	0
0.492750	3
0.492812	5
0.492875	0
0.492937	1
0.493000	-1
0.493063	3
0.493125	-1
0.493188	-3
0.493250	4
0.493312	0
0.493375	7
0.493437	7
0.493500	2
0.493563	3
0.493625	2
0.493688	4
0.493750	5
0.493812	7
0.493875	4
0.493937	1
0.494000	4
0.494063	8
0.494125	4
0.494188	1
0.494250	3
0.494312	1
0.494375	2
0.494437	0
0.494500	3
0.494563	7
0.494625	0
0.494688	-1
0.494750	3
0.494812	1
0.494875	0
0.494937	6
0.495000	2
0.495063	-2
0.495125	6
0.495188	0
0.495250	-1
0.495312	8
0.495375	1
0.495437	-3
0.495500	7
0.495563	5
0.495625	3
0.495688	3
0.495750	1
0.495812	9
0.495875	12
0.495937	12
0.496000	7
0.496063	0
0.496125	2
0.496188	0
0.496250	0
0.496312	-1
0.496375	3
0.496437	8
0.496500	4
0.496563	5
0.496625	4
0.496688	3
0.496750	5
0.496812	0
0.496875	0
0.496937	3
0.497000	0
0.497063	3
0.497125	2
0.497188	-2
0.497250	4
0.497312	4
0.497375	0
0.497437	-1
0.497500	1
0.497563	2
0.497625	7
0.497688	8
0.497750	5
0.497812	9
0.497875	4
0.497937	2
0.498000	4
0.498063	2
0.498125	-1
0.498188	-3
0.498250	0
0.498312	0
0.498375	-1
0.498437	2
0.498500	3
0.498563	1
0.498625	5
0.498688	3
0.498750	7
0.498812	10
0.498875	2
0.498937	3
0.499000	6
0.499063	11
0.499125	8
0.499188	-2
0.499250	3
0.499312	9
0.499375	12
0.499437	5
0.499500	4
0.499563	12
0.499625	6
0.499688	2
0.499750	4
0.499812	5
0.499875	4
0.499937	2
0.500000	0
0.500062	0
0.500125	1
0.500188	-1
0.500250	8
0.500313	6
0.500375	1
0.500437	6
0.500500	2
0.500563	8
0.500625	7
0.500687	-1
0.500750	2
0.500812	6
0.500875	4
0.500938	3
0.501000	4
0.501062	7
0.501125	5
0.501188	3
0.501250	6
0.501313	1
0.501375	6
0.501437	3
0.501500	2
0.501563	4
0.501625	4
0.501687	11
0.501750	4
0.501812	5
0.501875	-1
0.501938	4
0.502000	8
0.502062	-2
0.502125	2
0.502188	1
0.502250	0
0.502313	-2
0.502375	2
0.502437	2
0.502500	1
0.502563	1
0.502625	4
0.502687	8
0.502750	0
0.502812	4
0.502875	5
0.502938	1
0.503000	3
0.503062	6
0.503125	8
0.503188	4
0.503250	5
0.503313	5
0.503375	4
0.503437	8
0.503500	7
0.503563	4
0.503625	1
0.503687	6
0.503750	6
0.503812	-2
0.503875	10
0.503938	8
0.504000	1
0.504062	6
0.504125	6
0.504188	2
0.504250	0
0.504313	8
0.504375	1
0.504437	0
0.504500	7
0.504563	3
0.504625	2
0.504687	7
0.504750	14
0.504812	5
0.504875	0
0.504938	5
0.505000	9
0.505062	5
0.505125	4
0.505188	4
0.505250	0
0.505313	5
0.505375	3
0.505437	8
0.505500	9
0.505563	6
0.505625	10
0.505687	10
0.505750	8
0.505812	2
0.505875	3
0.505938	0
0.506000	0
0.506062	-2
0.506125	5
0.506188	6
0.506250	-3
0.506313	3
0.506375	2
0.506437	2
0.506500	7
0.506563	6
0.506625	2
0.506687	3
0.506750	4
0.506812	5
0.506875	5
0.506938	5
0.507000	6
0.507062	3
0.507125	1
0.507188	5
0.507250	4
0.507313	0
0.507375	9
0.507437	6
0.507500	3
0.507563	11
0.507625	12
0.507687	9
0.507750	1
0.507812	8
0.507875	10
0.507938	4
0.508000	10
0.508062	9
0.508125	11
0.508188	11
0.508250	6
0.508312	9
0.508375	9
0.508437	8
0.508500	6
0.508563	7
0.508625	11
0.508687	6
0.508750	2
0.508813	5
0.508875	8
0.508938	7
0.509000	1
0.509062	6
0.509125	10
0.509188	5
0.509250	7
0.509312	2
0.509375	0
0.509437	5
0.509500	1
0.509563	1
0.509625	0
0.509687	1
0.509750	2
0.509813	2
0.509875	5
0.509938	5
0.510000	14
