0 1.000000
1 0.998118
2 0.992480
3 0.983105
4 0.970031
5 0.953306
6 0.932993
7 0.909168
8 0.881921
9 0.851355
10 0.817585
11 0.780737
12 0.740951
13 0.698376
14 0.653173
15 0.605511
16 0.555570
17 0.503538
18 0.449611
19 0.393992
20 0.336890
21 0.278520
22 0.219101
23 0.158858
24 0.098017
25 0.036807
26 -0.024541
27 -0.085797
28 -0.146730
29 -0.207111
30 -0.266713
31 -0.325310
32 -0.382683
33 -0.438616
34 -0.492898
35 -0.545325
36 -0.595699
37 -0.643832
38 -0.689541
39 -0.732654
40 -0.773010
41 -0.810457
42 -0.844854
43 -0.876070
44 -0.903989
45 -0.928506
46 -0.949528
47 -0.966976
48 -0.980785
49 -0.990903
50 -0.997290
51 -0.999925
52 -0.998795
53 -0.993907
54 -0.985278
55 -0.972940
56 -0.956940
57 -0.937339
58 -0.914210
59 -0.887640
60 -0.857729
61 -0.824589
62 -0.788346
63 -0.749136
64 -0.707107
65 -0.662416
66 -0.615232
67 -0.565732
68 -0.514103
69 -0.460539
70 -0.405241
71 -0.348419
72 -0.290285
73 -0.231058
74 -0.170962
75 -0.110222
76 -0.049068
77 0.012272
78 0.073565
79 0.134581
80 0.195090
81 0.254866
82 0.313682
83 0.371317
84 0.427555
85 0.482184
86 0.534998
87 0.585798
88 0.634393
89 0.680601
90 0.724247
91 0.765167
92 0.803208
93 0.838225
94 0.870087
95 0.898674
96 0.923880
97 0.945607
98 0.963776
99 0.978317
100 0.989177
101 0.996313
102 0.999699
103 0.999322
104 0.995185
105 0.987301
106 0.975702
107 0.960431
108 0.941544
109 0.919114
110 0.893224
111 0.863973
112 0.831470
113 0.795837
114 0.757209
115 0.715731
116 0.671559
117 0.624859
118 0.575808
119 0.524590
120 0.471397
121 0.416430
122 0.359895
123 0.302006
124 0.242980
125 0.183040
126 0.122411
127 0.061321
128 0.000000
129 -0.061321
130 -0.122411
131 -0.183040
132 -0.242980
133 -0.302006
134 -0.359895
135 -0.416430
136 -0.471397
137 -0.524590
138 -0.575808
139 -0.624859
140 -0.671559
141 -0.715731
142 -0.757209
143 -0.795837
144 -0.831470
145 -0.863973
146 -0.893224
147 -0.919114
148 -0.941544
149 -0.960431
150 -0.975702
151 -0.987301
152 -0.995185
153 -0.999322
154 -0.999699
155 -0.996313
156 -0.989177
157 -0.978317
158 -0.963776
159 -0.945607
160 -0.923880
161 -0.898674
162 -0.870087
163 -0.838225
164 -0.803208
165 -0.765167
166 -0.724247
167 -0.680601
168 -0.634393
169 -0.585798
170 -0.534998
171 -0.482184
172 -0.427555
173 -0.371317
174 -0.313682
175 -0.254866
176 -0.195090
177 -0.134581
178 -0.073565
179 -0.012272
180 0.049068
181 0.110222
182 0.170962
183 0.231058
184 0.290285
185 0.348419
186 0.405241
187 0.460539
188 0.514103
189 0.565732
190 0.615232
191 0.662416
192 0.707107
193 0.749136
194 0.788346
195 0.824589
196 0.857729
197 0.887640
198 0.914210
199 0.937339
200 0.956940
201 0.972940
202 0.985278
203 0.993907
204 0.998795
205 0.999925
206 0.997290
207 0.990903
208 0.980785
209 0.966976
210 0.949528
211 0.928506
212 0.903989
213 0.876070
214 0.844854
215 0.810457
216 0.773010
217 0.732654
218 0.689541
219 0.643832
220 0.595699
221 0.545325
222 0.492898
223 0.438616
224 0.382683
225 0.325310
226 0.266713
227 0.207111
228 0.146730
229 0.085797
230 0.024541
231 -0.036807
232 -0.098017
233 -0.158858
234 -0.219101
235 -0.278520
236 -0.336890
237 -0.393992
238 -0.449611
239 -0.503538
240 -0.555570
241 -0.605511
242 -0.653173
243 -0.698376
244 -0.740951
245 -0.780737
246 -0.817585
247 -0.851355
248 -0.881921
249 -0.909168
250 -0.932993
251 -0.953306
252 -0.970031
253 -0.983105
254 -0.992480
255 -0.998118
256 -1.000000
257 -0.998118
258 -0.992480
259 -0.983105
260 -0.970031
261 -0.953306
262 -0.932993
263 -0.909168
264 -0.881921
265 -0.851355
266 -0.817585
267 -0.780737
268 -0.740951
269 -0.698376
270 -0.653173
271 -0.605511
272 -0.555570
273 -0.503538
274 -0.449611
275 -0.393992
276 -0.336890
277 -0.278520
278 -0.219101
279 -0.158858
280 -0.098017
281 -0.036807
282 0.024541
283 0.085797
284 0.146730
285 0.207111
286 0.266713
287 0.325310
288 0.382683
289 0.438616
290 0.492898
291 0.545325
292 0.595699
293 0.643832
294 0.689541
295 0.732654
296 0.773010
297 0.810457
298 0.844854
299 0.876070
300 0.903989
301 0.928506
302 0.949528
303 0.966976
304 0.980785
305 0.990903
306 0.997290
307 0.999925
308 0.998795
309 0.993907
310 0.985278
311 0.972940
312 0.956940
313 0.937339
314 0.914210
315 0.887640
316 0.857729
317 0.824589
318 0.788346
319 0.749136
320 0.707107
321 0.662416
322 0.615232
323 0.565732
324 0.514103
325 0.460539
326 0.405241
327 0.348419
328 0.290285
329 0.231058
330 0.170962
331 0.110222
332 0.049068
333 -0.012272
334 -0.073565
335 -0.134581
336 -0.195090
337 -0.254866
338 -0.313682
339 -0.371317
340 -0.427555
341 -0.482184
342 -0.534998
343 -0.585798
344 -0.634393
345 -0.680601
346 -0.724247
347 -0.765167
348 -0.803208
349 -0.838225
350 -0.870087
351 -0.898674
352 -0.923880
353 -0.945607
354 -0.963776
355 -0.978317
356 -0.989177
357 -0.996313
358 -0.999699
359 -0.999322
360 -0.995185
361 -0.987301
362 -0.975702
363 -0.960431
364 -0.941544
365 -0.919114
366 -0.893224
367 -0.863973
368 -0.831470
369 -0.795837
370 -0.757209
371 -0.715731
372 -0.671559
373 -0.624859
374 -0.575808
375 -0.524590
376 -0.471397
377 -0.416430
378 -0.359895
379 -0.302006
380 -0.242980
381 -0.183040
382 -0.122411
383 -0.061321
384 0.000000
385 0.061321
386 0.122411
387 0.183040
388 0.242980
389 0.302006
390 0.359895
391 0.416430
392 0.471397
393 0.524590
394 0.575808
395 0.624859
396 0.671559
397 0.715731
398 0.757209
399 0.795837
400 0.831470
401 0.863973
402 0.893224
403 0.919114
404 0.941544
405 0.960431
406 0.975702
407 0.987301
408 0.995185
409 0.999322
410 0.999699
411 0.996313
412 0.989177
413 0.978317
414 0.963776
415 0.945607
416 0.923880
417 0.898674
418 0.870087
419 0.838225
420 0.803208
421 0.765167
422 0.724247
423 0.680601
424 0.634393
425 0.585798
426 0.534998
427 0.482184
428 0.427555
429 0.371317
430 0.313682
431 0.254866
432 0.195090
433 0.134581
434 0.073565
435 0.012272
436 -0.049068
437 -0.110222
438 -0.170962
439 -0.231058
440 -0.290285
441 -0.348419
442 -0.405241
443 -0.460539
444 -0.514103
445 -0.565732
446 -0.615232
447 -0.662416
448 -0.707107
449 -0.749136
450 -0.788346
451 -0.824589
452 -0.857729
453 -0.887640
454 -0.914210
455 -0.937339
456 -0.956940
457 -0.972940
458 -0.985278
459 -0.993907
460 -0.998795
461 -0.999925
462 -0.997290
463 -0.990903
464 -0.980785
465 -0.966976
466 -0.949528
467 -0.928506
468 -0.903989
469 -0.876070
470 -0.844854
471 -0.810457
472 -0.773010
473 -0.732654
474 -0.689541
475 -0.643832
476 -0.595699
477 -0.545325
478 -0.492898
479 -0.438616
480 -0.382683
481 -0.325310
482 -0.266713
483 -0.207111
484 -0.146730
485 -0.085797
486 -0.024541
487 0.036807
488 0.098017
489 0.158858
490 0.219101
491 0.278520
492 0.336890
493 0.393992
494 0.449611
495 0.503538
496 0.555570
497 0.605511
498 0.653173
499 0.698376
500 0.740951
501 0.780737
502 0.817585
503 0.851355
504 0.881921
505 0.909168
506 0.932993
507 0.953306
508 0.970031
509 0.983105
510 0.992480
511 0.998118
512 1.000000
513 0.998118
514 0.992480
515 0.983105
516 0.970031
517 0.953306
518 0.932993
519 0.909168
520 0.881921
521 0.851355
522 0.817585
523 0.780737
524 0.740951
525 0.698376
526 0.653173
527 0.605511
528 0.555570
529 0.503538
530 0.449611
531 0.393992
532 0.336890
533 0.278520
534 0.219101
535 0.158858
536 0.098017
537 0.036807
538 -0.024541
539 -0.085797
540 -0.146730
541 -0.207111
542 -0.266713
543 -0.325310
544 -0.382683
545 -0.438616
546 -0.492898
547 -0.545325
548 -0.595699
549 -0.643832
550 -0.689541
551 -0.732654
552 -0.773010
553 -0.810457
554 -0.844854
555 -0.876070
556 -0.903989
557 -0.928506
558 -0.949528
559 -0.966976
560 -0.980785
561 -0.990903
562 -0.997290
563 -0.999925
564 -0.998795
565 -0.993907
566 -0.985278
567 -0.972940
568 -0.956940
569 -0.937339
570 -0.914210
571 -0.887640
572 -0.857729
573 -0.824589
574 -0.788346
575 -0.749136
576 -0.707107
577 -0.662416
578 -0.615232
579 -0.565732
580 -0.514103
581 -0.460539
582 -0.405241
583 -0.348419
584 -0.290285
585 -0.231058
586 -0.170962
587 -0.110222
588 -0.049068
589 0.012272
590 0.073565
591 0.134581
592 0.195090
593 0.254866
594 0.313682
595 0.371317
596 0.427555
597 0.482184
598 0.534998
599 0.585798
600 0.634393
601 0.680601
602 0.724247
603 0.765167
604 0.803208
605 0.838225
606 0.870087
607 0.898674
608 0.923880
609 0.945607
610 0.963776
611 0.978317
612 0.989177
613 0.996313
614 0.999699
615 0.999322
616 0.995185
617 0.987301
618 0.975702
619 0.960431
620 0.941544
621 0.919114
622 0.893224
623 0.863973
624 0.831470
625 0.795837
626 0.757209
627 0.715731
628 0.671559
629 0.624859
630 0.575808
631 0.524590
632 0.471397
633 0.416430
634 0.359895
635 0.302006
636 0.242980
637 0.183040
638 0.122411
639 0.061321
640 0.000000
641 -0.061321
642 -0.122411
643 -0.183040
644 -0.242980
645 -0.302006
646 -0.359895
647 -0.416430
648 -0.471397
649 -0.524590
650 -0.575808
651 -0.624859
652 -0.671559
653 -0.715731
654 -0.757209
655 -0.795837
656 -0.831470
657 -0.863973
658 -0.893224
659 -0.919114
660 -0.941544
661 -0.960431
662 -0.975702
663 -0.987301
664 -0.995185
665 -0.999322
666 -0.999699
667 -0.996313
668 -0.989177
669 -0.978317
670 -0.963776
671 -0.945607
672 -0.923880
673 -0.898674
674 -0.870087
675 -0.838225
676 -0.803208
677 -0.765167
678 -0.724247
679 -0.680601
680 -0.634393
681 -0.585798
682 -0.534998
683 -0.482184
684 -0.427555
685 -0.371317
686 -0.313682
687 -0.254866
688 -0.195090
689 -0.134581
690 -0.073565
691 -0.012272
692 0.049068
693 0.110222
694 0.170962
695 0.231058
696 0.290285
697 0.348419
698 0.405241
699 0.460539
700 0.514103
701 0.565732
702 0.615232
703 0.662416
704 0.707107
705 0.749136
706 0.788346
707 0.824589
708 0.857729
709 0.887640
710 0.914210
711 0.937339
712 0.956940
713 0.972940
714 0.985278
715 0.993907
716 0.998795
717 0.999925
718 0.997290
719 0.990903
720 0.980785
721 0.966976
722 0.949528
723 0.928506
724 0.903989
725 0.876070
726 0.844854
727 0.810457
728 0.773010
729 0.732654
730 0.689541
731 0.643832
732 0.595699
733 0.545325
734 0.492898
735 0.438616
736 0.382683
737 0.325310
738 0.266713
739 0.207111
740 0.146730
741 0.085797
742 0.024541
743 -0.036807
744 -0.098017
745 -0.158858
746 -0.219101
747 -0.278520
748 -0.336890
749 -0.393992
750 -0.449611
751 -0.503538
752 -0.555570
753 -0.605511
754 -0.653173
755 -0.698376
756 -0.740951
757 -0.780737
758 -0.817585
759 -0.851355
760 -0.881921
761 -0.909168
762 -0.932993
763 -0.953306
764 -0.970031
765 -0.983105
766 -0.992480
767 -0.998118
768 -1.000000
769 -0.998118
770 -0.992480
771 -0.983105
772 -0.970031
773 -0.953306
774 -0.932993
775 -0.909168
776 -0.881921
777 -0.851355
778 -0.817585
779 -0.780737
780 -0.740951
781 -0.698376
782 -0.653173
783 -0.605511
784 -0.555570
785 -0.503538
786 -0.449611
787 -0.393992
788 -0.336890
789 -0.278520
790 -0.219101
791 -0.158858
792 -0.098017
793 -0.036807
794 0.024541
795 0.085797
796 0.146730
797 0.207111
798 0.266713
799 0.325310
800 0.382683
801 0.438616
802 0.492898
803 0.545325
804 0.595699
805 0.643832
806 0.689541
807 0.732654
808 0.773010
809 0.810457
810 0.844854
811 0.876070
812 0.903989
813 0.928506
814 0.949528
815 0.966976
816 0.980785
817 0.990903
818 0.997290
819 0.999925
820 0.998795
821 0.993907
822 0.985278
823 0.972940
824 0.956940
825 0.937339
826 0.914210
827 0.887640
828 0.857729
829 0.824589
830 0.788346
831 0.749136
832 0.707107
833 0.662416
834 0.615232
835 0.565732
836 0.514103
837 0.460539
838 0.405241
839 0.348419
840 0.290285
841 0.231058
842 0.170962
843 0.110222
844 0.049068
845 -0.012272
846 -0.073565
847 -0.134581
848 -0.195090
849 -0.254866
850 -0.313682
851 -0.371317
852 -0.427555
853 -0.482184
854 -0.534998
855 -0.585798
856 -0.634393
857 -0.680601
858 -0.724247
859 -0.765167
860 -0.803208
861 -0.838225
862 -0.870087
863 -0.898674
864 -0.923880
865 -0.945607
866 -0.963776
867 -0.978317
868 -0.989177
869 -0.996313
870 -0.999699
871 -0.999322
872 -0.995185
873 -0.987301
874 -0.975702
875 -0.960431
876 -0.941544
877 -0.919114
878 -0.893224
879 -0.863973
880 -0.831470
881 -0.795837
882 -0.757209
883 -0.715731
884 -0.671559
885 -0.624859
886 -0.575808
887 -0.524590
888 -0.471397
889 -0.416430
890 -0.359895
891 -0.302006
892 -0.242980
893 -0.183040
894 -0.122411
895 -0.061321
896 0.000000
897 0.061321
898 0.122411
899 0.183040
900 0.242980
901 0.302006
902 0.359895
903 0.416430
904 0.471397
905 0.524590
906 0.575808
907 0.624859
908 0.671559
909 0.715731
910 0.757209
911 0.795837
912 0.831470
913 0.863973
914 0.893224
915 0.919114
916 0.941544
917 0.960431
918 0.975702
919 0.987301
920 0.995185
921 0.999322
922 0.999699
923 0.996313
924 0.989177
925 0.978317
926 0.963776
927 0.945607
928 0.923880
929 0.898674
930 0.870087
931 0.838225
932 0.803208
933 0.765167
934 0.724247
935 0.680601
936 0.634393
937 0.585798
938 0.534998
939 0.482184
940 0.427555
941 0.371317
942 0.313682
943 0.254866
944 0.195090
945 0.134581
946 0.073565
947 0.012272
948 -0.049068
949 -0.110222
950 -0.170962
951 -0.231058
952 -0.290285
953 -0.348419
954 -0.405241
955 -0.460539
956 -0.514103
957 -0.565732
958 -0.615232
959 -0.662416
960 -0.707107
961 -0.749136
962 -0.788346
963 -0.824589
964 -0.857729
965 -0.887640
966 -0.914210
967 -0.937339
968 -0.956940
969 -0.972940
970 -0.985278
971 -0.993907
972 -0.998795
973 -0.999925
974 -0.997290
975 -0.990903
976 -0.980785
977 -0.966976
978 -0.949528
979 -0.928506
980 -0.903989
981 -0.876070
982 -0.844854
983 -0.810457
984 -0.773010
985 -0.732654
986 -0.689541
987 -0.643832
988 -0.595699
989 -0.545325
990 -0.492898
991 -0.438616
992 -0.382683
993 -0.325310
994 -0.266713
995 -0.207111
996 -0.146730
997 -0.085797
998 -0.024541
999 0.036807
1000 0.098017
1001 0.158858
1002 0.219101
1003 0.278520
1004 0.336890
1005 0.393992
1006 0.449611
1007 0.503538
1008 0.555570
1009 0.605511
1010 0.653173
1011 0.698376
1012 0.740951
1013 0.780737
1014 0.817585
1015 0.851355
1016 0.881921
1017 0.909168
1018 0.932993
1019 0.953306
1020 0.970031
1021 0.983105
1022 0.992480
1023 0.998118
