0 0.000000
1 0.061321
2 0.122411
3 0.183040
4 0.242980
5 0.302006
6 0.359895
7 0.416430
8 0.471397
9 0.524590
10 0.575808
11 0.624859
12 0.671559
13 0.715731
14 0.757209
15 0.795837
16 0.831470
17 0.863973
18 0.893224
19 0.919114
20 0.941544
21 0.960431
22 0.975702
23 0.987301
24 0.995185
25 0.999322
26 0.999699
27 0.996313
28 0.989177
29 0.978317
30 0.963776
31 0.945607
32 0.923880
33 0.898674
34 0.870087
35 0.838225
36 0.803208
37 0.765167
38 0.724247
39 0.680601
40 0.634393
41 0.585798
42 0.534998
43 0.482184
44 0.427555
45 0.371317
46 0.313682
47 0.254866
48 0.195090
49 0.134581
50 0.073565
51 0.012272
52 -0.049068
53 -0.110222
54 -0.170962
55 -0.231058
56 -0.290285
57 -0.348419
58 -0.405241
59 -0.460539
60 -0.514103
61 -0.565732
62 -0.615232
63 -0.662416
64 -0.707107
65 -0.749136
66 -0.788346
67 -0.824589
68 -0.857729
69 -0.887640
70 -0.914210
71 -0.937339
72 -0.956940
73 -0.972940
74 -0.985278
75 -0.993907
76 -0.998795
77 -0.999925
78 -0.997290
79 -0.990903
80 -0.980785
81 -0.966976
82 -0.949528
83 -0.928506
84 -0.903989
85 -0.876070
86 -0.844854
87 -0.810457
88 -0.773010
89 -0.732654
90 -0.689541
91 -0.643832
92 -0.595699
93 -0.545325
94 -0.492898
95 -0.438616
96 -0.382683
97 -0.325310
98 -0.266713
99 -0.207111
100 -0.146730
101 -0.085797
102 -0.024541
103 0.036807
104 0.098017
105 0.158858
106 0.219101
107 0.278520
108 0.336890
109 0.393992
110 0.449611
111 0.503538
112 0.555570
113 0.605511
114 0.653173
115 0.698376
116 0.740951
117 0.780737
118 0.817585
119 0.851355
120 0.881921
121 0.909168
122 0.932993
123 0.953306
124 0.970031
125 0.983105
126 0.992480
127 0.998118
128 1.000000
129 0.998118
130 0.992480
131 0.983105
132 0.970031
133 0.953306
134 0.932993
135 0.909168
136 0.881921
137 0.851355
138 0.817585
139 0.780737
140 0.740951
141 0.698376
142 0.653173
143 0.605511
144 0.555570
145 0.503538
146 0.449611
147 0.393992
148 0.336890
149 0.278520
150 0.219101
151 0.158858
152 0.098017
153 0.036807
154 -0.024541
155 -0.085797
156 -0.146730
157 -0.207111
158 -0.266713
159 -0.325310
160 -0.382683
161 -0.438616
162 -0.492898
163 -0.545325
164 -0.595699
165 -0.643832
166 -0.689541
167 -0.732654
168 -0.773010
169 -0.810457
170 -0.844854
171 -0.876070
172 -0.903989
173 -0.928506
174 -0.949528
175 -0.966976
176 -0.980785
177 -0.990903
178 -0.997290
179 -0.999925
180 -0.998795
181 -0.993907
182 -0.985278
183 -0.972940
184 -0.956940
185 -0.937339
186 -0.914210
187 -0.887640
188 -0.857729
189 -0.824589
190 -0.788346
191 -0.749136
192 -0.707107
193 -0.662416
194 -0.615232
195 -0.565732
196 -0.514103
197 -0.460539
198 -0.405241
199 -0.348419
200 -0.290285
201 -0.231058
202 -0.170962
203 -0.110222
204 -0.049068
205 0.012272
206 0.073565
207 0.134581
208 0.195090
209 0.254866
210 0.313682
211 0.371317
212 0.427555
213 0.482184
214 0.534998
215 0.585798
216 0.634393
217 0.680601
218 0.724247
219 0.765167
220 0.803208
221 0.838225
222 0.870087
223 0.898674
224 0.923880
225 0.945607
226 0.963776
227 0.978317
228 0.989177
229 0.996313
230 0.999699
231 0.999322
232 0.995185
233 0.987301
234 0.975702
235 0.960431
236 0.941544
237 0.919114
238 0.893224
239 0.863973
240 0.831470
241 0.795837
242 0.757209
243 0.715731
244 0.671559
245 0.624859
246 0.575808
247 0.524590
248 0.471397
249 0.416430
250 0.359895
251 0.302006
252 0.242980
253 0.183040
254 0.122411
255 0.061321
256 0.000000
257 -0.061321
258 -0.122411
259 -0.183040
260 -0.242980
261 -0.302006
262 -0.359895
263 -0.416430
264 -0.471397
265 -0.524590
266 -0.575808
267 -0.624859
268 -0.671559
269 -0.715731
270 -0.757209
271 -0.795837
272 -0.831470
273 -0.863973
274 -0.893224
275 -0.919114
276 -0.941544
277 -0.960431
278 -0.975702
279 -0.987301
280 -0.995185
281 -0.999322
282 -0.999699
283 -0.996313
284 -0.989177
285 -0.978317
286 -0.963776
287 -0.945607
288 -0.923880
289 -0.898674
290 -0.870087
291 -0.838225
292 -0.803208
293 -0.765167
294 -0.724247
295 -0.680601
296 -0.634393
297 -0.585798
298 -0.534998
299 -0.482184
300 -0.427555
301 -0.371317
302 -0.313682
303 -0.254866
304 -0.195090
305 -0.134581
306 -0.073565
307 -0.012272
308 0.049068
309 0.110222
310 0.170962
311 0.231058
312 0.290285
313 0.348419
314 0.405241
315 0.460539
316 0.514103
317 0.565732
318 0.615232
319 0.662416
320 0.707107
321 0.749136
322 0.788346
323 0.824589
324 0.857729
325 0.887640
326 0.914210
327 0.937339
328 0.956940
329 0.972940
330 0.985278
331 0.993907
332 0.998795
333 0.999925
334 0.997290
335 0.990903
336 0.980785
337 0.966976
338 0.949528
339 0.928506
340 0.903989
341 0.876070
342 0.844854
343 0.810457
344 0.773010
345 0.732654
346 0.689541
347 0.643832
348 0.595699
349 0.545325
350 0.492898
351 0.438616
352 0.382683
353 0.325310
354 0.266713
355 0.207111
356 0.146730
357 0.085797
358 0.024541
359 -0.036807
360 -0.098017
361 -0.158858
362 -0.219101
363 -0.278520
364 -0.336890
365 -0.393992
366 -0.449611
367 -0.503538
368 -0.555570
369 -0.605511
370 -0.653173
371 -0.698376
372 -0.740951
373 -0.780737
374 -0.817585
375 -0.851355
376 -0.881921
377 -0.909168
378 -0.932993
379 -0.953306
380 -0.970031
381 -0.983105
382 -0.992480
383 -0.998118
384 -1.000000
385 -0.998118
386 -0.992480
387 -0.983105
388 -0.970031
389 -0.953306
390 -0.932993
391 -0.909168
392 -0.881921
393 -0.851355
394 -0.817585
395 -0.780737
396 -0.740951
397 -0.698376
398 -0.653173
399 -0.605511
400 -0.555570
401 -0.503538
402 -0.449611
403 -0.393992
404 -0.336890
405 -0.278520
406 -0.219101
407 -0.158858
408 -0.098017
409 -0.036807
410 0.024541
411 0.085797
412 0.146730
413 0.207111
414 0.266713
415 0.325310
416 0.382683
417 0.438616
418 0.492898
419 0.545325
420 0.595699
421 0.643832
422 0.689541
423 0.732654
424 0.773010
425 0.810457
426 0.844854
427 0.876070
428 0.903989
429 0.928506
430 0.949528
431 0.966976
432 0.980785
433 0.990903
434 0.997290
435 0.999925
436 0.998795
437 0.993907
438 0.985278
439 0.972940
440 0.956940
441 0.937339
442 0.914210
443 0.887640
444 0.857729
445 0.824589
446 0.788346
447 0.749136
448 0.707107
449 0.662416
450 0.615232
451 0.565732
452 0.514103
453 0.460539
454 0.405241
455 0.348419
456 0.290285
457 0.231058
458 0.170962
459 0.110222
460 0.049068
461 -0.012272
462 -0.073565
463 -0.134581
464 -0.195090
465 -0.254866
466 -0.313682
467 -0.371317
468 -0.427555
469 -0.482184
470 -0.534998
471 -0.585798
472 -0.634393
473 -0.680601
474 -0.724247
475 -0.765167
476 -0.803208
477 -0.838225
478 -0.870087
479 -0.898674
480 -0.923880
481 -0.945607
482 -0.963776
483 -0.978317
484 -0.989177
485 -0.996313
486 -0.999699
487 -0.999322
488 -0.995185
489 -0.987301
490 -0.975702
491 -0.960431
492 -0.941544
493 -0.919114
494 -0.893224
495 -0.863973
496 -0.831470
497 -0.795837
498 -0.757209
499 -0.715731
500 -0.671559
501 -0.624859
502 -0.575808
503 -0.524590
504 -0.471397
505 -0.416430
506 -0.359895
507 -0.302006
508 -0.242980
509 -0.183040
510 -0.122411
511 -0.061321
512 -0.000000
513 0.061321
514 0.122411
515 0.183040
516 0.242980
517 0.302006
518 0.359895
519 0.416430
520 0.471397
521 0.524590
522 0.575808
523 0.624859
524 0.671559
525 0.715731
526 0.757209
527 0.795837
528 0.831470
529 0.863973
530 0.893224
531 0.919114
532 0.941544
533 0.960431
534 0.975702
535 0.987301
536 0.995185
537 0.999322
538 0.999699
539 0.996313
540 0.989177
541 0.978317
542 0.963776
543 0.945607
544 0.923880
545 0.898674
546 0.870087
547 0.838225
548 0.803208
549 0.765167
550 0.724247
551 0.680601
552 0.634393
553 0.585798
554 0.534998
555 0.482184
556 0.427555
557 0.371317
558 0.313682
559 0.254866
560 0.195090
561 0.134581
562 0.073565
563 0.012272
564 -0.049068
565 -0.110222
566 -0.170962
567 -0.231058
568 -0.290285
569 -0.348419
570 -0.405241
571 -0.460539
572 -0.514103
573 -0.565732
574 -0.615232
575 -0.662416
576 -0.707107
577 -0.749136
578 -0.788346
579 -0.824589
580 -0.857729
581 -0.887640
582 -0.914210
583 -0.937339
584 -0.956940
585 -0.972940
586 -0.985278
587 -0.993907
588 -0.998795
589 -0.999925
590 -0.997290
591 -0.990903
592 -0.980785
593 -0.966976
594 -0.949528
595 -0.928506
596 -0.903989
597 -0.876070
598 -0.844854
599 -0.810457
600 -0.773010
601 -0.732654
602 -0.689541
603 -0.643832
604 -0.595699
605 -0.545325
606 -0.492898
607 -0.438616
608 -0.382683
609 -0.325310
610 -0.266713
611 -0.207111
612 -0.146730
613 -0.085797
614 -0.024541
615 0.036807
616 0.098017
617 0.158858
618 0.219101
619 0.278520
620 0.336890
621 0.393992
622 0.449611
623 0.503538
624 0.555570
625 0.605511
626 0.653173
627 0.698376
628 0.740951
629 0.780737
630 0.817585
631 0.851355
632 0.881921
633 0.909168
634 0.932993
635 0.953306
636 0.970031
637 0.983105
638 0.992480
639 0.998118
640 1.000000
641 0.998118
642 0.992480
643 0.983105
644 0.970031
645 0.953306
646 0.932993
647 0.909168
648 0.881921
649 0.851355
650 0.817585
651 0.780737
652 0.740951
653 0.698376
654 0.653173
655 0.605511
656 0.555570
657 0.503538
658 0.449611
659 0.393992
660 0.336890
661 0.278520
662 0.219101
663 0.158858
664 0.098017
665 0.036807
666 -0.024541
667 -0.085797
668 -0.146730
669 -0.207111
670 -0.266713
671 -0.325310
672 -0.382683
673 -0.438616
674 -0.492898
675 -0.545325
676 -0.595699
677 -0.643832
678 -0.689541
679 -0.732654
680 -0.773010
681 -0.810457
682 -0.844854
683 -0.876070
684 -0.903989
685 -0.928506
686 -0.949528
687 -0.966976
688 -0.980785
689 -0.990903
690 -0.997290
691 -0.999925
692 -0.998795
693 -0.993907
694 -0.985278
695 -0.972940
696 -0.956940
697 -0.937339
698 -0.914210
699 -0.887640
700 -0.857729
701 -0.824589
702 -0.788346
703 -0.749136
704 -0.707107
705 -0.662416
706 -0.615232
707 -0.565732
708 -0.514103
709 -0.460539
710 -0.405241
711 -0.348419
712 -0.290285
713 -0.231058
714 -0.170962
715 -0.110222
716 -0.049068
717 0.012272
718 0.073565
719 0.134581
720 0.195090
721 0.254866
722 0.313682
723 0.371317
724 0.427555
725 0.482184
726 0.534998
727 0.585798
728 0.634393
729 0.680601
730 0.724247
731 0.765167
732 0.803208
733 0.838225
734 0.870087
735 0.898674
736 0.923880
737 0.945607
738 0.963776
739 0.978317
740 0.989177
741 0.996313
742 0.999699
743 0.999322
744 0.995185
745 0.987301
746 0.975702
747 0.960431
748 0.941544
749 0.919114
750 0.893224
751 0.863973
752 0.831470
753 0.795837
754 0.757209
755 0.715731
756 0.671559
757 0.624859
758 0.575808
759 0.524590
760 0.471397
761 0.416430
762 0.359895
763 0.302006
764 0.242980
765 0.183040
766 0.122411
767 0.061321
768 0.000000
769 -0.061321
770 -0.122411
771 -0.183040
772 -0.242980
773 -0.302006
774 -0.359895
775 -0.416430
776 -0.471397
777 -0.524590
778 -0.575808
779 -0.624859
780 -0.671559
781 -0.715731
782 -0.757209
783 -0.795837
784 -0.831470
785 -0.863973
786 -0.893224
787 -0.919114
788 -0.941544
789 -0.960431
790 -0.975702
791 -0.987301
792 -0.995185
793 -0.999322
794 -0.999699
795 -0.996313
796 -0.989177
797 -0.978317
798 -0.963776
799 -0.945607
800 -0.923880
801 -0.898674
802 -0.870087
803 -0.838225
804 -0.803208
805 -0.765167
806 -0.724247
807 -0.680601
808 -0.634393
809 -0.585798
810 -0.534998
811 -0.482184
812 -0.427555
813 -0.371317
814 -0.313682
815 -0.254866
816 -0.195090
817 -0.134581
818 -0.073565
819 -0.012272
820 0.049068
821 0.110222
822 0.170962
823 0.231058
824 0.290285
825 0.348419
826 0.405241
827 0.460539
828 0.514103
829 0.565732
830 0.615232
831 0.662416
832 0.707107
833 0.749136
834 0.788346
835 0.824589
836 0.857729
837 0.887640
838 0.914210
839 0.937339
840 0.956940
841 0.972940
842 0.985278
843 0.993907
844 0.998795
845 0.999925
846 0.997290
847 0.990903
848 0.980785
849 0.966976
850 0.949528
851 0.928506
852 0.903989
853 0.876070
854 0.844854
855 0.810457
856 0.773010
857 0.732654
858 0.689541
859 0.643832
860 0.595699
861 0.545325
862 0.492898
863 0.438616
864 0.382683
865 0.325310
866 0.266713
867 0.207111
868 0.146730
869 0.085797
870 0.024541
871 -0.036807
872 -0.098017
873 -0.158858
874 -0.219101
875 -0.278520
876 -0.336890
877 -0.393992
878 -0.449611
879 -0.503538
880 -0.555570
881 -0.605511
882 -0.653173
883 -0.698376
884 -0.740951
885 -0.780737
886 -0.817585
887 -0.851355
888 -0.881921
889 -0.909168
890 -0.932993
891 -0.953306
892 -0.970031
893 -0.983105
894 -0.992480
895 -0.998118
896 -1.000000
897 -0.998118
898 -0.992480
899 -0.983105
900 -0.970031
901 -0.953306
902 -0.932993
903 -0.909168
904 -0.881921
905 -0.851355
906 -0.817585
907 -0.780737
908 -0.740951
909 -0.698376
910 -0.653173
911 -0.605511
912 -0.555570
913 -0.503538
914 -0.449611
915 -0.393992
916 -0.336890
917 -0.278520
918 -0.219101
919 -0.158858
920 -0.098017
921 -0.036807
922 0.024541
923 0.085797
924 0.146730
925 0.207111
926 0.266713
927 0.325310
928 0.382683
929 0.438616
930 0.492898
931 0.545325
932 0.595699
933 0.643832
934 0.689541
935 0.732654
936 0.773010
937 0.810457
938 0.844854
939 0.876070
940 0.903989
941 0.928506
942 0.949528
943 0.966976
944 0.980785
945 0.990903
946 0.997290
947 0.999925
948 0.998795
949 0.993907
950 0.985278
951 0.972940
952 0.956940
953 0.937339
954 0.914210
955 0.887640
956 0.857729
957 0.824589
958 0.788346
959 0.749136
960 0.707107
961 0.662416
962 0.615232
963 0.565732
964 0.514103
965 0.460539
966 0.405241
967 0.348419
968 0.290285
969 0.231058
970 0.170962
971 0.110222
972 0.049068
973 -0.012272
974 -0.073565
975 -0.134581
976 -0.195090
977 -0.254866
978 -0.313682
979 -0.371317
980 -0.427555
981 -0.482184
982 -0.534998
983 -0.585798
984 -0.634393
985 -0.680601
986 -0.724247
987 -0.765167
988 -0.803208
989 -0.838225
990 -0.870087
991 -0.898674
992 -0.923880
993 -0.945607
994 -0.963776
995 -0.978317
996 -0.989177
997 -0.996313
998 -0.999699
999 -0.999322
1000 -0.995185
1001 -0.987301
1002 -0.975702
1003 -0.960431
1004 -0.941544
1005 -0.919114
1006 -0.893224
1007 -0.863973
1008 -0.831470
1009 -0.795837
1010 -0.757209
1011 -0.715731
1012 -0.671559
1013 -0.624859
1014 -0.575808
1015 -0.524590
1016 -0.471397
1017 -0.416430
1018 -0.359895
1019 -0.302006
1020 -0.242980
1021 -0.183040
1022 -0.122411
1023 -0.061321
